,time,travel,position,force,stress
0,0.0,0.0,13.11351371366,-0.01099493913352,-6.615874903947935
1,0.0,0.0,13.11351070363,-0.01098221354187,-6.60821766079154
2,0.0,0.0,13.11352492678,-0.01266148500144,-7.618668903073988
3,0.0,0.0,13.11353122252,-0.01331573538482,-8.012344451409318
4,0.0,0.0,13.1135302763,-0.01326876692474,-7.984082589060938
5,0.0,0.0,13.04671250503,-0.01142608467489,-6.875303804141004
6,0.0,0.0,13.04671092889,-0.01131223980337,-6.806801066719191
7,0.008000001311302,-1.17588788271e-05,13.04672268777,-0.01132311765105,-6.813346485352357
8,0.01100000739098,-8.84011387825e-06,13.046719769,-0.01153769437224,-6.942461592535118
9,0.01299999654293,-1.246854662895e-05,13.04672339743,-0.01141955796629,-6.871376552965917
10,0.01399999856949,-1.536123454571e-05,13.04672629012,-0.01133110467345,-6.818152436564251
11,0.1140000075102,-3.244815161452e-06,13.0467141737,-0.01393222529441,-8.383298767014324
12,0.2145000100136,2.989739368786e-05,13.04668103149,-0.01215660199523,-7.314870694675434
13,0.3149999976158,-1.617827729206e-05,13.04672710717,-0.01076450105757,-6.4772157021935755
14,0.4150000065565,-2.284934089403e-05,13.04673377823,-0.01057796087116,-6.364970739046372
15,0.5100000053644,0.01012018043548,13.03659074845,0.009976572357118,6.003103235347038
16,0.5205000042915,0.02047136239707,13.02623956649,0.04656714946032,28.020385717614424
17,0.5265000015497,0.03066041879356,13.01605051009,0.044049449265,26.505435126655602
18,0.5314999967813,0.04127290472388,13.00543802416,0.03796119242907,22.842009152170604
19,0.5359999984503,0.05217530950904,12.99453561938,0.04887194186449,29.407225429993666
20,0.5400000065565,0.06316927075386,12.98354165813,0.07368273288012,44.33637488994641
21,0.5435000061989,0.07420900464058,12.97250192425,0.08487886935472,51.07331426032091
22,0.5464999973774,0.08472993969917,12.96198098919,0.08447218686342,50.82860526690193
23,0.5495000034571,0.09613588452339,12.95057504436,0.07858610898256,47.28683441562504
24,0.5520000010729,0.1062066853046,12.94050424358,0.07130003720522,42.90265922059286
25,0.5544999986887,0.1166894733906,12.9300214555,0.06371641904116,38.33944441026532
26,0.5569999963045,0.1274774372578,12.91923349163,0.05875349789858,35.35315544233759
27,0.5595000088215,0.1384637653828,12.90824716351,0.05491591244936,33.04400348097315
28,0.5620000064373,0.1496026813984,12.89710824749,0.04971648007631,29.915400972682296
29,0.5645000040531,0.1607568562031,12.88595407269,0.04468870908022,26.89009055014246
30,0.5670000016689,0.1718499958515,12.87486093304,0.03945494443178,23.740829624702606
31,0.5694999992847,0.1827752888203,12.86393564007,0.03293944150209,19.82032112568601
32,0.5719999969006,0.193441182375,12.85326974651,0.03165984898806,19.050364703185974
33,0.5745000094175,0.2038476765156,12.84286325237,0.03941512852907,23.71687159925851
34,0.5770000070333,0.2140710651875,12.8326398637,0.05078292638063,30.55710305538404
35,0.5795000046492,0.2241418659687,12.82256906292,0.06149459630251,37.00252920599266
36,0.5825000107288,0.2361200153828,12.81059091351,0.07107711583376,42.76852297035209
37,0.5855000019073,0.2480066120625,12.79870431683,0.07118011265993,42.83049822179909
38,0.588500007987,0.2597101032734,12.78700082561,0.06149078160524,37.00023382630676
39,0.5914999991655,0.270963460207,12.77574746868,0.05562759190798,33.47223525313321
40,0.5945000052452,0.2816827595234,12.76502816936,0.06027270108461,36.267290401194415
41,0.5974999964237,0.2918832600117,12.75482766888,0.07293749600649,43.88795094963425
42,0.6010000109673,0.3032510578632,12.74345987102,0.09140063077211,54.997588616629514
43,0.6045000106096,0.3142602741718,12.73245065472,0.1082768514752,65.15234833536886
44,0.608000010252,0.3250787556171,12.72163217327,0.1209416463971,72.77300888382072
45,0.6115000098944,0.3357827961445,12.71092813274,0.1322178840637,79.55814674438182
46,0.6150000095367,0.3464715778828,12.70023935101,0.1423878669739,85.67762897999025
47,0.6185000091791,0.3571679890156,12.68954293987,0.1512989997864,91.0396359200952
48,0.6220000088215,0.3678491413593,12.67886178753,0.1606984138489,96.69545145965795
49,0.6255000084639,0.3785531818867,12.668157747,0.1691288948059,101.76824055965281
50,0.6290000081062,0.3892724812031,12.65743844769,0.1775135993958,106.81348510350116
51,0.6325000077486,0.4000299274921,12.6466810014,0.1858677864075,111.84036660983828
52,0.636000007391,0.4107950031757,12.63591592571,0.1946492195129,117.12433064067088
53,0.6395000070333,0.4215677082539,12.62514322063,0.2025227546692,121.86199430695807
54,0.6430000066757,0.4323098957539,12.61440103313,0.2107548713684,126.81542366343072
55,0.6465000063181,0.4430215656757,12.60368936321,0.2198262214661,132.2738365502591
56,0.6500000059605,0.4537179768085,12.59299295208,0.2298970222473,138.33363891404625
57,0.6535000056028,0.4644067585468,12.58230417034,0.2407002449036,144.83415417708028
58,0.6570000052452,0.4750726521015,12.57163827679,0.2517781257629,151.4999367772341
59,0.6605000048876,0.4857232868671,12.56098764202,0.2633442878723,158.45952797690592
60,0.66400000453,0.4963968098164,12.55031411907,0.2742085456848,164.9967693148421
61,0.6675000041723,0.5070626735687,12.53964825532,0.2858967781067,172.02981266437834
62,0.6710000038147,0.5177438259125,12.52896710298,0.2984395027161,179.57702106296574
63,0.6745000034571,0.5284402370453,12.51827069184,0.3091130256653,185.99949341672746
64,0.6780000030994,0.5390985012054,12.50761242768,0.319794178009,192.42655652983686
65,0.6815000027418,0.5496957302094,12.49701519868,0.3314290046692,199.4274645638187
66,0.6850000023842,0.5602395534515,12.48647137544,0.3451161384583,207.66328686739288
67,0.6885000020266,0.5707452297211,12.47596569917,0.3596882820129,216.43163725740908
68,0.6920000016689,0.5812171697617,12.46549375913,0.3738811314106,224.97175876290166
69,0.6955000013113,0.5916694402695,12.45504148862,0.3879802525043,233.45548207221572
70,0.6990000009537,0.6021064519882,12.4446044769,0.4017436802387,241.73721196944766
71,0.702500000596,0.6125282049179,12.43418272397,0.4155528843403,250.0464864228863
72,0.7060000002384,0.622927069664,12.42378385922,0.4311778843403,259.44836160553604
73,0.7094999998808,0.633310675621,12.41340025327,0.4474895298481,269.2634051311658
74,0.7129999995232,0.6437095403671,12.40300138852,0.4629619419575,278.5734651265001
75,0.7164999991655,0.6541007757187,12.39261015317,0.478235989809,287.76416537825196
76,0.7199999988079,0.6644920110703,12.38221891782,0.4940288364887,297.26703726697286
77,0.7234999984503,0.6748908758163,12.37182005307,0.5121257901192,308.15633641706324
78,0.7269999980927,0.6853049993515,12.36140592954,0.5309398770332,319.47714901488416
79,0.730499997735,0.6957648992538,12.35094602963,0.5495708584785,330.6877833879385
80,0.7339999973774,0.7063010931015,12.34040983579,0.5684307217598,342.0361405420264
81,0.7374999970198,0.7168983221054,12.32981260678,0.5862224698067,352.7417913847852
82,0.7409999966621,0.7275260686874,12.3191848602,0.6047924160957,363.91569968287723
83,0.7444999963045,0.7381767034531,12.30853422544,0.6240947842598,375.5303208802162
84,0.748000010848,0.7488120794296,12.29789884946,0.6446178555489,387.87946357619967
85,0.7515000104904,0.7594321966171,12.28727873227,0.6664226651192,400.9998538457297
86,0.7550000101328,0.7700675725937,12.27664335629,0.6876018643379,413.743801847182
87,0.7585000097752,0.7806876897812,12.26602323911,0.7091625332832,426.7172878169832
88,0.7620000094175,0.7912849187851,12.2554260101,0.7321880459785,440.57219958515776
89,0.7655000090599,0.801882147789,12.2448287811,0.7564037442207,455.1432698145258
90,0.7690000087023,0.8124793767929,12.2342315521,0.7795665860176,469.0808152513205
91,0.7725000083447,0.8230766057968,12.22363432309,0.8027599453926,483.0367237255663
92,0.776000007987,0.8336585760117,12.21305235288,0.826044857502,497.0477213122254
93,0.7795000076294,0.8442252874374,12.20248564145,0.8505046963692,511.7656958413224
94,0.7830000072718,0.8547538518906,12.191957077,0.8758953213692,527.0437430131283
95,0.7865000069141,0.865244269371,12.18146665952,0.9014537930489,542.4227868910053
96,0.7900000065565,0.8757041692734,12.17100675961,0.9277752041817,558.26090670552
97,0.7935000061989,0.8861793279648,12.16053160092,0.9540355801582,574.0623004450725
98,0.7970000058413,0.8966544866562,12.15005644223,0.9807079434395,590.1115951904852
99,0.8005000054836,0.9071449041367,12.13956602475,1.007303953171,606.1149464770198
100,0.804000005126,0.9176505804062,12.12906034848,1.034754514694,622.6324986775251
101,0.8075000047684,0.9281562566757,12.11855467221,1.062311887741,639.2143215095001
102,0.8110000044107,0.9386695623398,12.10804136655,1.089258909225,655.4288835918521
103,0.8145000040531,0.9491599798203,12.09755094907,1.117167234421,672.221881355026
104,0.8180000036955,0.9596503973007,12.08706053159,1.146464109421,689.8503973224942
105,0.8215000033379,0.9701255559921,12.0765853729,1.175974607468,707.6074545523006
106,0.8250000029802,0.9806083440781,12.06610258481,1.205179929733,725.1808814069946
107,0.8285000026226,0.991091132164,12.05561979672,1.234812498093,743.0113907869662
108,0.832000002265,1.001596808434,12.04511412045,1.264292478561,760.7500849787798
109,0.8355000019073,1.012102484703,12.03460844419,1.294382810593,778.8560399208185
110,0.8390000015497,1.022638678551,12.02407225034,1.324747800827,797.1272621993751
111,0.8425000011921,1.033182501793,12.0135284271,1.355234861374,815.471936628097
112,0.8460000008345,1.043756842613,12.00295408627,1.386179685593,834.0920566188859
113,0.8495000004768,1.054361701012,11.99234922788,1.416697263718,852.4550940849987
114,0.8530000001192,1.064974188805,11.98173674008,1.44758105278,871.038488000404
115,0.8564999997616,1.075594305992,11.9711166229,1.47883105278,889.8422383657036
116,0.859999999404,1.086237311363,11.96047361752,1.510172605515,908.7010778437775
117,0.8634999990463,1.096887946129,11.94982298276,1.542032957077,927.8720889580984
118,0.8669999986887,1.107569098473,11.93914183042,1.574015378952,947.1165522225847
119,0.8704999983311,1.118250250816,11.92846067807,1.606302976608,966.5446458615817
120,0.8739999979734,1.128946661949,11.91776426694,1.638560056686,985.9543764631877
121,0.8774999976158,1.139650702477,11.90706022641,1.670389890671,1005.1070245407195
122,0.8809999972582,1.150339484215,11.89637144467,1.701945066452,1024.0944052805298
123,0.8844999969006,1.161005377769,11.88570555112,1.73420214653,1043.5041358821359
124,0.8879999965429,1.171633124352,11.87507780454,1.766886472702,1063.170949008418
125,0.8914999961853,1.18223798275,11.86447294614,1.801035642624,1083.7191879330733
126,0.8950000107288,1.192804694176,11.85390623471,1.834757566452,1104.010344333053
127,0.8985000103712,1.203356146812,11.84335478208,1.868510007858,1124.3198637704231
128,0.9020000100136,1.213884711266,11.83282621762,1.901865720749,1144.39066372111
129,0.905500009656,1.22439801693,11.82231291196,1.93522143364,1164.4614636717972
130,0.9090000092983,1.234896063805,11.81181486508,1.968699216843,1184.6057157720477
131,0.9125000089407,1.245386481285,11.8013244476,2.002543210983,1204.9703243215909
132,0.9160000085831,1.255876898766,11.79083403012,2.035074949265,1224.5453222609185
133,0.9195000082254,1.266352057457,11.78035887143,2.067850828171,1244.2672244993732
134,0.9230000078678,1.276819586754,11.76989134213,2.101298093796,1264.3931135622329
135,0.9265000075102,1.287279486656,11.75943144223,2.13688158989,1285.8044152478708
136,0.9300000071526,1.297762274742,11.74894865415,2.172312498093,1307.1239017459525
137,0.9335000067949,1.308267951012,11.73844297788,2.207285642624,1328.1679426819674
138,0.9370000064373,1.318834662437,11.72787626645,2.242197751999,1349.1752575432006
139,0.9405000060797,1.329439520836,11.71727140805,2.275858640671,1369.4296878683983
140,0.944000005722,1.340076804161,11.70663412473,2.309889793396,1389.9069134838953
141,0.9475000053644,1.350735068321,11.69597586057,2.344344139099,1410.6387827830613
142,0.9510000050068,1.36142385006,11.68528707883,2.379775047302,1431.9582692811432
143,0.9545000046492,1.372112631798,11.67459829709,2.415389060974,1453.3879340041722
144,0.9580000042915,1.382801413536,11.66390951535,2.451247215271,1474.96450302693
145,0.9615000039339,1.393497824669,11.65321310422,2.486495018005,1496.1738113000645
146,0.9650000035763,1.404171347618,11.64253958127,2.523146629333,1518.227819296791
147,0.9685000032187,1.414844870567,11.63186605832,2.560866355896,1540.9245336052072
148,0.972000002861,1.425548911095,11.62116201779,2.598647117615,1563.6579739884055
149,0.9755000025034,1.436275839806,11.61043508908,2.634596824646,1585.2896321233359
150,0.9790000021458,1.447010397911,11.59970053098,2.670424461365,1606.847838108703
151,0.9825000017881,1.457760214806,11.58895071408,2.706526756287,1628.5713114311893
152,0.9860000014305,1.468479514122,11.57823141477,2.742659568787,1650.313147791067
153,0.9895000010729,1.47916829586,11.56754263303,2.779738426208,1672.6242383118677
154,0.9930000007153,1.489818930626,11.55689199826,2.816939353943,1695.0087809834351
155,0.9965000003576,1.500446677208,11.54626425168,2.854109764099,1717.3749606170102
156,1.0,1.511005759239,11.53570516965,2.891249656677,1739.7227772131944
157,1.003499999642,1.521534323692,11.5251766052,2.929152488708,1762.5296697459562
158,1.006999999285,1.532055258751,11.51465567014,2.966597557068,1785.0611167172526
159,1.010499998927,1.542553305626,11.50415762326,3.005080223083,1808.2169069616448
160,1.013999998569,1.553051352501,11.49365957639,3.042952537537,1831.0054364576174
161,1.017499998212,1.563534140587,11.4831767883,3.079237937927,1852.8390880044494
162,1.020999997854,1.573994040489,11.4727168884,3.115889549255,1874.8930960011758
163,1.024499997497,1.584392905235,11.46231802365,3.15406703949,1897.8652558716592
164,1.027999997139,1.594753623009,11.45195730588,3.192763328552,1921.1495873783892
165,1.031499996781,1.60506093502,11.44164999387,3.231886863708,1944.6910014097955
166,1.034999996424,1.615360617638,11.43135031125,3.271010398865,1968.2324154418036
167,1.038500010967,1.625660300255,11.42105062863,3.309615135193,1991.461657836361
168,1.04200001061,1.635959982872,11.41075094602,3.348128318787,2014.6358111187458
169,1.045500010252,1.646267294884,11.400443634,3.387068748474,2038.0670469252047
170,1.049000009894,1.656559348106,11.39015158078,3.426833152771,2061.994084743625
171,1.052500009537,1.666866660118,11.37984426877,3.466139793396,2085.6456769999786
172,1.056000009179,1.677166342735,11.36954458615,3.506239891052,2109.7747082303003
173,1.059500008821,1.687473654747,11.35923727414,3.545546531677,2133.426300486654
174,1.063000008464,1.697780966759,11.34892996213,3.585066795349,2157.206434005345
175,1.066500008106,1.708095908165,11.33861502072,3.626509666443,2182.1434388844764
176,1.070000007749,1.718441367149,11.32826956174,3.668257713318,2207.2640741381188
177,1.073500007391,1.728809714317,11.31790121457,3.708510398865,2231.484920555997
178,1.077000007033,1.739208579063,11.30750234982,3.749190330505,2255.9628494979493
179,1.080500006676,1.749622702599,11.29708822629,3.789626121521,2280.2938741407747
180,1.084000006318,1.760059714317,11.28665121457,3.830763816833,2305.047248644794
181,1.08750000596,1.770489096642,11.27622183225,3.871779441833,2329.7271709992497
182,1.091000005603,1.780903220177,11.26580770871,3.913863182068,2355.049799665395
183,1.094500005245,1.791309714317,11.25540121457,3.956007957458,2380.409154405721
184,1.098000004888,1.801700949669,11.24500997922,3.997878074646,2405.6032418095288
185,1.10150000453,1.81209218502,11.23461874387,4.041029930115,2431.5685767867626
186,1.105000004172,1.822491049767,11.22421987912,4.084181785583,2457.5339117633944
187,1.108500003815,1.832889914513,11.21382101438,4.127303123474,2483.480883703238
188,1.112000003457,1.843288779259,11.20342214963,4.170546531677,2509.5013077926446
189,1.115500003099,1.853687644005,11.19302328488,4.213576316833,2535.393190619713
190,1.119000002742,1.864078879356,11.18263204953,4.256178855896,2561.0279909227074
191,1.122500002384,1.874462485313,11.17224844357,4.300398826599,2587.63603221103
192,1.126000002027,1.88484609127,11.16186483762,4.344130516052,2613.9502648998946
193,1.129500001669,1.895214438438,11.15149649045,4.388045310974,2640.3746758137063
194,1.133000001311,1.905575156212,11.14113577268,4.431746482849,2666.6705454651797
195,1.136500000954,1.915928244591,11.1307826843,4.476180076599,2693.40712801584
196,1.140000000596,1.926288962364,11.12042196652,4.521315574646,2720.5660604282957
197,1.143500000238,1.936657309532,11.11005361936,4.566145896912,2747.5413624662415
198,1.146999999881,1.947063803673,11.09964712522,4.61109828949,2774.5901166537506
199,1.150499999523,1.957462668419,11.08924826047,4.654677391052,2800.8125341550585
200,1.153999999166,1.96786916256,11.07884176633,4.699019432068,2827.494027593546
201,1.157499998808,1.978260397911,11.06845053098,4.744246482849,2854.708049118175
202,1.16099999845,1.988644003868,11.05806692502,4.790205955505,2882.36278354199
203,1.164499998093,1.999027609825,11.04768331906,4.836623191833,2910.292963527873
204,1.167999997735,2.009426593781,11.03728433511,4.883101463318,2938.259869589139
205,1.171499997377,2.019855976105,11.02685495278,4.928938865662,2965.841151863391
206,1.17499999702,2.030308246613,11.01640268228,4.97486782074,2993.4775232498155
207,1.178499996662,2.040752887726,11.00595804116,5.021590232849,3021.5913336102085
208,1.181999996305,2.051205158234,10.99550577065,5.068556785583,3049.85204827033
209,1.185500010848,2.061680316925,10.98503061196,5.116316795349,3078.5902019050227
210,1.18900001049,2.072185993195,10.97452493569,5.16432094574,3107.475259839444
211,1.192500010133,2.0827293396,10.96398158929,5.212034225464,3136.185295072718
212,1.196000009775,2.093296051025,10.95341487786,5.259214401245,3164.5745509951776
213,1.199500009418,2.10387802124,10.94283290765,5.307615280151,3193.6983284162825
214,1.20300000906,2.114475250244,10.93223567864,5.356168746948,3222.9139210249427
215,1.206500008702,2.125095367432,10.92161556146,5.404600143433,3252.05606148404
216,1.210000008345,2.135723114014,10.91098781487,5.453489303589,3281.4736475046025
217,1.213500007987,2.146366119385,10.9003448095,5.502592086792,3311.0197747875027
218,1.217000007629,2.15701675415,10.88969417474,5.551298141479,3340.327182583118
219,1.220500007272,2.167621612549,10.87908931634,5.600889205933,3370.1671184660777
220,1.224000006914,2.178211212158,10.86849971673,5.651334762573,3400.521219397186
221,1.227500006557,2.188808441162,10.85790248773,5.701810836792,3430.8936833662874
222,1.231000006199,2.199390411377,10.84732051751,5.751890182495,3461.0274278481033
223,1.234500005841,2.209957122803,10.83675380609,5.801877975464,3491.106083217747
224,1.238000005484,2.220478057861,10.82623287103,5.851621627808,3521.037834287661
225,1.241500005126,2.230968475342,10.81574245355,5.901945114136,3551.3184830692057
226,1.245000004768,2.241413116455,10.80529781243,5.95330619812,3582.2234751244478
227,1.248500004411,2.25182723999,10.7948836889,6.004423141479,3612.9815628799615
228,1.252000004053,2.262226104736,10.78448482415,6.055143356323,3643.500931148791
229,1.255500003695,2.272602081299,10.77410884759,6.105833053589,3674.0019363802307
230,1.259000003338,2.282970428467,10.76374050042,6.156339645386,3704.3927633867224
231,1.26250000298,2.29333114624,10.75337978265,6.206205368042,3734.3979666062005
232,1.266000002623,2.303646087646,10.74306484124,6.257261276245,3765.1193282869317
233,1.269500002265,2.313938140869,10.73277278802,6.308835983276,3796.1528616045125
234,1.273000001907,2.324214935303,10.72249599359,6.360685348511,3827.3516622598136
235,1.27650000155,2.334491729736,10.71221919915,6.412443161011,3858.495373802341
236,1.280000001192,2.344783782959,10.70192714593,6.464353561401,3889.7309005318234
237,1.283500000834,2.355091094971,10.69161983392,6.516935348511,3921.3704140863115
238,1.287000000477,2.36544418335,10.68126674554,6.569608688354,3953.0650167523713
239,1.290500000119,2.375827789307,10.67088313958,6.622556686401,3984.9248867561523
240,1.293999999762,2.386249542236,10.66046138665,6.675138473511,4016.5644003106404
241,1.297499999404,2.396709442139,10.65000148675,6.727262496948,4047.9284683024603
242,1.300999999046,2.407169342041,10.63954158685,6.78045463562,4079.9352426059704
243,1.304499998689,2.417644500732,10.62906642816,6.834989547729,4112.749990557689
244,1.307999998331,2.428119659424,10.61859126946,6.889982223511,4145.840184072074
245,1.311499997973,2.438617706299,10.60809322259,6.945402145386,4179.1874601105355
246,1.314999997616,2.449138641357,10.59757228753,7.001737594604,4213.085627272529
247,1.318499997258,2.459690093994,10.58702083489,7.057950973511,4246.91034228556
248,1.321999996901,2.470272064209,10.57643886468,7.113615036011,4280.4045226237495
249,1.325499996543,2.480876922607,10.56583400628,7.170133590698,4314.41286801069
250,1.328999996185,2.491481781006,10.55522914788,7.226774215698,4348.494665547795
251,1.332500010729,2.50207901001,10.54463191888,7.283353805542,4382.539737010119
252,1.336000010371,2.512676239014,10.53403468987,7.340116500854,4416.694986696788
253,1.339500010014,2.523242950439,10.52346797845,7.396879196167,4450.850236384059
254,1.343000009656,2.533771514893,10.512939414,7.454557418823,4485.556377194862
255,1.346500009298,2.544284820557,10.50242610833,7.513883590698,4521.254122028985
256,1.350000008941,2.554798126221,10.49191280267,7.572416305542,4556.47442788914
257,1.353500008583,2.56530380249,10.4814071264,7.630094528198,4591.180568699942
258,1.357000008225,2.575801849365,10.47090907952,7.687528610229,4625.739805211017
259,1.360500007868,2.586277008057,10.46043392083,7.745756149292,4660.776480696661
260,1.36400000751,2.596767425537,10.44994350335,7.804349899292,4696.033512631598
261,1.367500007153,2.607242584229,10.43946834466,7.862516403198,4731.033462041858
262,1.371000006795,2.61771774292,10.42899318597,7.921049118042,4766.253767902013
263,1.374500006437,2.628185272217,10.41852565667,7.979764938354,4801.584251986514
264,1.37800000608,2.638645172119,10.40806575677,8.038297653198,4836.804557846668
265,1.381500005722,2.649089813232,10.39762111566,8.097379684448,4872.3553983810625
266,1.385000005364,2.659503936768,10.38720699212,8.156949996948,4908.200047514915
267,1.388500005007,2.669925689697,10.37678523919,8.217435836792,4944.5955877729
268,1.392000004649,2.680355072021,10.36635585687,8.278104782104,4981.101306255232
269,1.395500004292,2.690799713135,10.35591121575,8.338041305542,5017.166311838978
270,1.399000003934,2.701274871826,10.34543605706,8.398527145386,5053.561852096965
271,1.402500003576,2.711772918701,10.33493801019,8.459867477417,5090.471557403701
272,1.406000003219,2.722324371338,10.32438655755,8.521146774292,5127.3445366356555
273,1.409500002861,2.732883453369,10.31382747552,8.583524703979,5164.87858521609
274,1.413000002503,2.743465423584,10.3032455053,8.645353317261,5202.082099122886
275,1.416500002146,2.754062652588,10.2926482763,8.707304000854,5239.3590651786435
276,1.420000001788,2.764675140381,10.28203578851,8.771024703979,5277.701087407887
277,1.423500001431,2.775302886963,10.27140804193,8.834989547729,5316.190013936859
278,1.427000001073,2.785945892334,10.26076503655,8.900419235229,5355.560366264205
279,1.430500000715,2.796611785889,10.250099143,8.965787887573,5394.89399251677
280,1.434000000358,2.807308197021,10.23940273187,9.031400680542,5434.374523069062
281,1.4375,2.818042755127,10.22866817376,9.096647262573,5473.634697171462
282,1.440999999642,2.828784942627,10.21792598626,9.162076950073,5513.005049498807
283,1.444499999285,2.839536905289,10.2071740236,9.228081703186,5552.72143031353
284,1.447999998927,2.850256204605,10.19645472428,9.29540348053,5593.230290963925
285,1.451499998569,2.860914468765,10.18579646012,9.36229801178,5633.482069089644
286,1.454999998212,2.871526956558,10.17518397233,9.430108070374,5674.284738339498
287,1.458499997854,2.882116556168,10.16459437272,9.498589515686,5715.491394413154
288,1.461999997497,2.89266037941,10.15405054948,9.566155433655,5756.147159363278
289,1.465499997139,2.903173685074,10.14353724381,9.63427066803,5797.133458987642
290,1.468999996781,2.913664102554,10.13304682633,9.701287269592,5837.458689262924
291,1.472499996424,2.924101114273,10.12260981462,9.768486976624,5877.894097763757
292,1.476000010967,2.934492349625,10.11221857926,9.835869789124,5918.439684488934
293,1.47950001061,2.944868326187,10.1018426027,9.904595375061,5959.793244862319
294,1.483000010252,2.955236673355,10.09147425553,9.972893714905,6000.88972271163
295,1.486500009894,2.965597391129,10.08111353776,10.0412530899,6042.022926632714
296,1.490000009537,2.975942850113,10.07076807878,10.10985660553,6083.303034859545
297,1.493500009179,2.986280679703,10.06043024919,10.17913150787,6124.987129905364
298,1.497000008821,2.996618509293,10.0500924196,10.248711586,6166.85485533111
299,1.500500008464,3.006986856461,10.03972407243,10.31908512115,6209.200019724205
300,1.504000008106,3.017362833023,10.02934809587,10.38958072662,6251.618636271678
301,1.507500007749,3.027784585953,10.01892634294,10.45971012115,6293.816896368053
302,1.511000007391,3.03825211525,10.00845881364,10.53130435944,6336.896582268819
303,1.514500007033,3.048757791519,9.997953137369,10.60393619537,6380.600611433655
304,1.518000006676,3.05931687355,9.987394055338,10.67791080475,6425.112614254522
305,1.521500006318,3.069936990738,9.97677393815,10.752617836,6470.065329971566
306,1.52500000596,3.080610513687,9.966100415201,10.82714176178,6514.907867463061
307,1.528500005603,3.091345071793,9.955365857096,10.90123844147,6559.493322432287
308,1.532000005245,3.102102518082,9.944608410807,10.9762506485,6604.62966852324
309,1.535500004888,3.11287522316,9.933835705728,11.053399086,6651.051427237574
310,1.53900000453,3.123663187027,9.923047741861,11.1310968399,6697.803720622535
311,1.542500004172,3.134474039078,9.91223688981,11.20818424225,6744.188753265698
312,1.546000003815,3.145284891129,9.90142603776,11.28575992584,6790.867594502301
313,1.549500003457,3.156072854996,9.890638073892,11.36357975006,6837.693340041639
314,1.553000003099,3.166845560074,9.879865368814,11.44213199615,6884.959798477158
315,1.556500002742,3.177595376968,9.86911555192,11.52062320709,6932.189530841505
316,1.560000002384,3.188314676285,9.858396252603,11.60002994537,6979.970154327578
317,1.563500002027,3.199003458023,9.847707470865,11.67858219147,7027.236612769113
318,1.567000001669,3.209646463394,9.837064465494,11.75719547272,7074.539797281819
319,1.570500001311,3.220251321793,9.826459607096,11.83648014069,7122.246968619533
320,1.574000000954,3.230810403824,9.815900525064,11.91637516022,7170.321400705064
321,1.577500000596,3.241316080093,9.805394848795,11.99602603912,7218.248928487858
322,1.581000000238,3.251791238785,9.794919690103,12.07622623444,7266.506990953316
323,1.584499999881,3.262220621109,9.784490307779,12.15630435944,7314.691601264395
324,1.587999999523,3.272611856461,9.774099072428,12.2355890274,7362.3987725960915
325,1.591499999166,3.282972574234,9.763738354654,12.31652164459,7411.097547957727
326,1.594999998808,3.293310403824,9.753400525064,12.39818668365,7460.237036215541
327,1.59849999845,3.303655862808,9.74305506608,12.48003482819,7509.48670270492
328,1.601999998093,3.314024209976,9.732686718912,12.56200504303,7558.809821336643
329,1.605499997735,3.324423074722,9.722287854166,12.64470767975,7608.573652870561
330,1.608999997377,3.334844827652,9.711866101236,12.72741031647,7658.337484404478
331,1.61249999702,3.345304727554,9.701406201334,12.81188297272,7709.166372110679
332,1.615999996662,3.355802774429,9.690908154459,12.8967218399,7760.21561626196
333,1.619499996305,3.366354227066,9.680356701822,12.9816827774,7811.338312567618
334,1.623000010848,3.376943826675,9.669767102213,13.0660943985,7862.130474202648
335,1.62650001049,3.387541055679,9.659169873209,13.15178775787,7913.693883404483
336,1.630000010133,3.398130655289,9.648580273599,13.23809146881,7965.624553360155
337,1.633500009775,3.408720254898,9.63799067399,13.32506656647,8017.9592101408325
338,1.637000009418,3.419325113297,9.627385815592,13.41307926178,8070.918210191598
339,1.64050000906,3.429952859879,9.61675806901,13.50133609772,8124.0241145451
340,1.644000008702,3.44059586525,9.606115063639,13.59032535553,8177.570731794782
341,1.647500008345,3.45125412941,9.595456799478,13.67980289459,8231.41115764392
342,1.651000007987,3.46191239357,9.584798535318,13.76836490631,8284.70069237133
343,1.654500007629,3.472547769547,9.574163159342,13.85814762115,8338.724748594379
344,1.658000007272,3.483167886734,9.563543042154,13.94896793365,8393.373148093531
345,1.661500006914,3.493742227554,9.552968701334,14.03923892975,8447.691012922054
346,1.665000006557,3.504286050797,9.542424878092,14.13048648834,8502.596494943475
347,1.668500006199,3.514791727066,9.531919201822,14.22179508209,8557.538703042084
348,1.672000005841,3.525259256363,9.521451672525,14.31377506256,8612.8848979657
349,1.675500005484,3.535711526871,9.510999402017,14.40703678131,8669.00234046214
350,1.679000005126,3.546171426773,9.500539502115,14.50005435944,8724.972878661862
351,1.682500004768,3.556623697281,9.490087231607,14.59282779694,8780.796512558845
352,1.686000004411,3.567075967789,9.479634961099,14.6867609024,8837.317941874275
353,1.689500004053,3.577520608902,9.469190319986,14.78099918365,8894.02300156963
354,1.693000003695,3.58797287941,9.458738049478,14.87609195709,8951.242226315544
355,1.696500003338,3.598421096802,9.448289832086,14.97174930573,9008.8011672574
356,1.70000000298,3.608865737915,9.437845190973,15.06830692291,9066.901817795668
357,1.703500002623,3.619333267212,9.427377661676,15.16529178619,9125.259550862222
358,1.707000002265,3.629777908325,9.416933020563,15.26215457916,9183.543831780416
359,1.710500001907,3.640230178833,9.406480750055,15.35950565338,9242.121921298067
360,1.71400000155,3.650682449341,9.396028479547,15.45722293854,9300.920367266817
361,1.717500001192,3.661111831665,9.385599097223,15.55591678619,9360.306430428465
362,1.721000000834,3.671541213989,9.375169714899,15.65534305573,9420.133206498327
363,1.724500000477,3.681970596313,9.364740332575,15.75513553619,9480.180339007251
364,1.728000000119,3.692392349243,9.354318579645,15.85547733307,9540.558006198838
365,1.731499999762,3.702814102173,9.343896826715,15.95765018463,9602.03745563388
366,1.734999999404,3.713266372681,9.333444556208,16.06006622314,9663.663235523318
367,1.738499999046,3.723756790161,9.322954138727,16.16260528564,9725.363041409457
368,1.741999998689,3.734254837036,9.312456091852,16.26441192627,9786.622134399418
369,1.745499998331,3.744745254517,9.301965674372,16.36688995361,9848.285214208367
370,1.748999997973,3.755235671997,9.291475256891,16.47095489502,9910.903171970069
371,1.752499997616,3.765718460083,9.280992468805,16.57526397705,9973.668034028491
372,1.755999997258,3.776208877563,9.270502051325,16.68103790283,10037.314321885286
373,1.759499996901,3.786699295044,9.260011633844,16.78791046143,10101.621679095373
374,1.762999996543,3.797197341919,9.249513586969,16.89582061768,10166.553379575547
375,1.766499996185,3.807725906372,9.238985022516,17.00318145752,10231.154545379077
376,1.770000010729,3.818254470825,9.228456458063,17.11115264893,10296.12297193644
377,1.773500010371,3.828767776489,9.217943152399,17.22016143799,10361.715741763892
378,1.777000010014,3.839273452759,9.207437476129,17.32886505127,10427.124881217434
379,1.780500009656,3.849756240845,9.196954688043,17.43714141846,10492.276938148707
380,1.784000009298,3.860193252563,9.186517676325,17.54633331299,10557.979886201707
381,1.787500008941,3.870584487915,9.176126440973,17.65619659424,10624.086821079713
382,1.791000008583,3.880929946899,9.165780981989,17.7671585083,10690.854825304994
383,1.794500008225,3.891260147095,9.155450781793,17.87873077393,10757.99009028411
384,1.798000007868,3.901582717896,9.145128210993,17.98969268799,10824.758094509394
385,1.80150000751,3.911882400513,9.134828528375,18.10236358643,10892.554428835785
386,1.805000007153,3.922197341919,9.124513586969,18.21454620361,10960.056954556703
387,1.808500006795,3.932527542114,9.114183386774,18.32721710205,11027.853288883096
388,1.812000006437,3.942850112915,9.103860815973,18.43988800049,11095.64962320949
389,1.81550000608,3.95318031311,9.093530615778,18.5542678833,11164.474287630976
390,1.819000005722,3.963495254517,9.083215674372,18.66889190674,11233.445856355202
391,1.822500005364,3.973840713501,9.072870215387,18.78424835205,11302.858137975601
392,1.826000005007,3.984186172485,9.062524756403,18.90131378174,11373.298749697116
393,1.829500004649,3.994554519653,9.052156409235,19.01996612549,11444.694239365363
394,1.833000004292,4.004968643188,9.0417422857,19.13813018799,11515.795920434151
395,1.836500003934,4.015390396118,9.03132053277,19.25751495361,11587.632122998575
396,1.840000003576,4.025850296021,9.020860632868,19.37860870361,11660.49665566411
397,1.843500003219,4.036333084106,9.010377844782,19.49921417236,11733.06737973019
398,1.847000002861,4.046823501587,8.999887427301,19.62201690674,11806.960242496836
399,1.850500002503,4.057321548462,8.989389380426,19.7446975708,11880.779653109106
400,1.854000002146,4.067811965942,8.978898962946,19.86896514893,11955.553941674125
401,1.857500001788,4.078287124634,8.968423804254,19.99396514893,12030.768943135323
402,1.861000001431,4.088754653931,8.957956274958,20.11920928955,12106.130848893243
403,1.864500001073,4.099229812622,8.947481116266,20.24542999268,12182.080371856093
404,1.868000000715,4.109704971313,8.937005957575,20.3726272583,12258.617512011844
405,1.871500000358,4.12017250061,8.926538428278,20.49994659424,12335.228104321972
406,1.875,4.130640029907,8.916070898981,20.62775421143,12412.132505231555
407,1.878499999642,4.141092300415,8.905618628473,20.7554397583,12488.963453986762
408,1.881999999285,4.151521682739,8.895189246149,20.88507843018,12566.969637145818
409,1.885499998927,4.161951065063,8.884759863825,21.01496124268,12645.122724601593
410,1.888999998569,4.172372817993,8.874338110895,21.14472198486,12723.202359902993
411,1.892499998212,4.182802200317,8.863908728571,21.2749710083,12801.575803809868
412,1.895999997854,4.193223953247,8.853486975641,21.40607452393,12880.463412767296
413,1.899499997497,4.203630447388,8.8430804815,21.5386428833,12960.232447517083
414,1.902999997139,4.214044570923,8.832666357965,21.67194366455,13040.442195169064
415,1.906499996781,4.224473953247,8.822236975641,21.80548858643,13120.79884712378
416,1.909999996424,4.234910964966,8.811799963922,21.94013214111,13201.816568419757
417,1.913500010967,4.245363235474,8.801347693415,22.07514190674,13283.054646172852
418,1.91700001061,4.255784988403,8.790925940485,22.21076202393,13364.659984673759
419,1.920500010252,4.266206741333,8.780504187555,22.34882354736,13447.734366165942
420,1.924000009894,4.276636123657,8.770074805231,22.4878616333,13531.396364863056
421,1.927500009537,4.287073135376,8.759637793512,22.62763214111,13615.499076456348
422,1.931000009179,4.297525405884,8.749185523004,22.76764678955,13699.74869235238
423,1.934500008821,4.307985305786,8.738725623102,22.90985870361,13785.32044694296
424,1.938000008464,4.318460464478,8.728250464411,23.05304718018,13871.479818738473
425,1.941500008106,4.328943252563,8.717767676325,23.1987991333,13959.18168567362
426,1.945000007749,4.33944606781,8.707264861078,23.34475326538,14047.005207734941
427,1.948500007391,4.34995174408,8.696759184809,23.49087142944,14134.927431121185
428,1.952000007033,4.360465049744,8.686245879145,23.63857650757,14223.80453246018
429,1.955500006676,4.370978355408,8.67573257348,23.78823471069,14313.85686819099
430,1.959000006318,4.381476402283,8.665234526605,23.93874740601,14404.42336897837
431,1.96250000596,4.391951560974,8.654759367914,24.08974838257,14495.283678359194
432,1.966000005603,4.402426719666,8.644284209223,24.24233627319,14587.098865686748
433,1.969500005245,4.412924766541,8.633786162348,24.39492416382,14678.914053020322
434,1.973000004888,4.423392295837,8.623318633051,24.54775619507,14770.876144650614
435,1.97650000453,4.433867454529,8.612843474359,24.70180892944,14863.572757776543
436,1.980000004172,4.444327354431,8.602383574457,24.85720443726,14957.077344558502
437,1.983500003815,4.454787254333,8.591923674555,25.01272201538,15050.655383482805
438,1.987000003457,4.465239524841,8.581471404047,25.16884994507,15144.600683160943
439,1.990500003099,4.475684165955,8.571026762934,25.32607650757,15239.207052186357
440,1.994000002742,4.486128807068,8.56058212182,25.48476791382,15334.694847010143
441,1.997500002384,4.496573448181,8.550137480707,25.64419174194,15430.623354730107
442,2.001000002027,4.5070104599,8.539700468988,25.80300521851,15526.184601708272
443,2.004500001669,4.517424583435,8.529286345453,25.96267318726,15622.260013730973
444,2.008000001311,4.52783870697,8.518872221918,26.12405014038,15719.36375584877
445,2.011500000954,4.538252830505,8.508458098383,26.28640365601,15817.055115171499
446,2.015000000596,4.548674583435,8.498036345453,26.44912338257,15914.96683093931
447,2.018500000238,4.559096336365,8.487614592523,26.61367416382,16013.98032895659
448,2.021999999881,4.569533348083,8.477177580805,26.77871322632,16113.287635573328
449,2.025499999523,4.579970359802,8.466740569086,26.94448471069,16213.035655086243
450,2.028999999166,4.590407371521,8.456303557367,27.11172103882,16313.66510040355
451,2.032499998808,4.600836753845,8.445874175043,27.28005599976,16414.95561506813
452,2.03599999845,4.61125087738,8.435460051508,27.44912338257,16516.686842628893
453,2.039499998093,4.621665000916,8.425045927973,27.61855697632,16618.63842664075
454,2.042999997735,4.63209438324,8.414616545648,27.78872299194,16721.03072354879
455,2.046499997377,4.642523765564,8.404187163324,27.96072006226,16824.524802712313
456,2.04999999702,4.652968406677,8.393742522211,28.13491439819,16929.341020564374
457,2.053499996662,4.663466453552,8.383244475336,28.31032943726,17034.891759924103
458,2.056999996305,4.6740026474,8.372708281488,28.48623275757,17140.736307877272
459,2.060500010848,4.684569358826,8.362141570063,28.66433334351,17247.90299453101
460,2.06400001049,4.695174217224,8.351536711664,28.84536361694,17356.83253277548
461,2.067500010133,4.705801963806,8.340908965082,29.02688217163,17466.055879625423
462,2.071000009775,4.716444969177,8.330265959711,29.21023178101,17576.38100872484
463,2.074500009418,4.727080345154,8.319630583734,29.39553451538,17687.881372216067
464,2.07800000906,4.737753868103,8.308957060785,29.58254623413,17800.410065808406
465,2.081500008702,4.74845790863,8.298253020258,29.77065658569,17913.59982874802
466,2.085000008345,4.759169578552,8.287541350336,29.96023178101,18027.671017492026
467,2.088500007987,4.769888877869,8.27682205102,30.15151596069,18142.770536325108
468,2.092000007629,4.780585289001,8.266125639887,30.34402084351,18258.60457666586
469,2.095500007272,4.791251182556,8.255459746332,30.53811264038,18375.39349494733
470,2.099000006914,4.801917076111,8.244793852777,30.73305892944,18492.696578279356
471,2.102500006557,4.812552452087,8.234158476801,30.92873764038,18610.440374513575
472,2.106000006199,4.82316493988,8.223545989008,31.12600326538,18729.139048694527
473,2.109500005841,4.833731651306,8.212979277582,31.32351303101,18847.98462717822
474,2.113000005484,4.844275474548,8.20243545434,31.52138900757,18967.050562106993
475,2.116500005126,4.854788780212,8.191922148676,31.71999740601,19086.557209937957
476,2.120000004768,4.86524105072,8.181469878168,31.91750717163,19205.40278841563
477,2.123500004411,4.875571250916,8.171139677973,32.11355209351,19323.36694110095
478,2.127000004053,4.885741233826,8.160969695063,32.30703353882,19439.7885986346
479,2.130999997258,4.897086143494,8.149624785395,32.52456283569,19570.680329690043
480,2.135000005364,4.908072471619,8.13863845727,32.73488998413,19697.238383908
481,2.138999998569,4.918601036072,8.128109892816,32.93655014038,19818.581335484072
482,2.143000006676,4.928626060486,8.118084868402,33.12746810913,19933.460497872074
483,2.147500008345,4.939169883728,8.10754104516,33.32668685913,20053.334406450856
484,2.152500003576,4.949843406677,8.096867522211,33.52590560913,20173.208315029642
485,2.158000007272,4.960169792175,8.086541136713,33.71621322632,20287.720216669826
486,2.164499998093,4.97038936615,8.076321562738,33.89651107788,20396.209042018116
487,2.173000007868,4.980509757996,8.066201170893,34.06212997437,20495.8652463501
488,2.187000006437,4.990714073181,8.055996855707,34.18619918823,20570.520175164253
489,2.212999999523,4.997994422913,8.048716505976,34.15109634399,20549.39809131782
490,2.313000008464,5.002630710602,8.044080218286,33.67916488647,20265.427489182202
491,2.413500010967,5.002335071564,8.044375857324,33.28322219849,20027.180850342473
492,2.513999998569,5.001719474792,8.044991454096,32.96626281738,19836.46004783584
493,2.61400000751,5.001203536987,8.045507391901,32.70166778564,19677.24792224424
494,2.714500010014,5.000805854797,8.045905074091,32.47755050659,19542.392070474438
495,2.814999997616,5.000535011292,8.046175917597,32.28245925903,19425.001762712098
496,2.915000006557,5.000329017639,8.046381911249,32.11088180542,19321.760175320218
497,3.01550000906,5.000168323517,8.046542605371,31.95622253418,19228.698596821785
498,3.115999996662,5.000095367432,8.046615561457,31.8155632019,19144.061061758013
499,3.216000005603,5.000065326691,8.046645602198,31.68494606018,19065.466113715396
500,3.316500008106,5.000017642975,8.046693285913,31.56550216675,18993.594332764445
501,3.41700001061,5.000022411346,8.046688517542,31.45289421082,18925.835872205906
502,3.517499998212,4.999990940094,8.046719988794,31.35089874268,18864.46315792442
503,3.617500007153,4.999997138977,8.046713789911,31.25627326965,18807.525117186677
504,3.718000009656,4.999980926514,8.046730002375,31.16234397888,18751.005983246556
505,3.818499997258,4.999960422516,8.046750506372,31.08004379272,18701.484314268306
506,3.918500006199,4.999973297119,8.046737631769,31.00175666809,18654.3773847208
507,4.019000008702,5.000005722046,8.046705206842,30.92786598206,18609.915880259075
508,4.119499996305,5.000008583069,8.046702345819,30.85389900208,18565.408468200865
509,4.219500005245,4.999993801117,8.046717127771,30.78361701965,18523.118392911518
510,4.320000007749,4.999981880188,8.0467290487,30.71535301208,18482.042573478524
511,4.420500010252,4.999970436096,8.046740492792,30.65216827393,18444.0230521003
512,4.520999997854,5.000037193298,8.04667373559,30.58941078186,18406.26061323833
513,4.621000006795,5.000012874603,8.046698054285,30.53384399414,18372.824965081898
514,4.721500009298,5.000014781952,8.046696146936,30.4782409668,18339.3675108209
515,4.821999996901,4.999986171722,8.046724757166,30.42667388916,18308.33856826056
516,4.922000005841,5.000046253204,8.046664675684,30.37413978577,18276.727746954628
517,5.022500008345,5.000005722046,8.046705206842,30.3250579834,18247.194244258804
518,5.123000010848,4.999994277954,8.046716650934,30.27655220032,18218.007343896894
519,5.22349999845,5.000027656555,8.046683272333,30.23391914368,18192.35418055711
520,5.323500007391,5.000018119812,8.046692809076,30.19019889832,18166.04683400802
521,5.424000009894,5.000003814697,8.046707114191,30.14394569397,18138.21535534586
522,5.524499997497,4.999984741211,8.046726187677,30.09966468811,18111.57058798215
523,5.624500006437,5.000026226044,8.046684702844,30.05939674377,18087.340560043172
524,5.725000008941,4.999991893768,8.04671903512,30.02089309692,18064.172145210498
525,5.825499996543,5.000017642975,8.046693285913,29.98443222046,18042.232906200774
526,5.925500005484,5.000025272369,8.046685656519,29.95252990723,18023.036645911096
527,6.025499999523,5.000010967255,8.046699961634,29.91396903992,17999.83380038256
528,6.125500008464,4.999989509583,8.046721419306,29.87964630127,17979.181121680864
529,6.225500002503,4.999985694885,8.046725234003,29.84833717346,17960.34179292904
530,6.325499996543,5.000027656555,8.046683272333,29.81715202332,17941.577064022258
531,6.425500005484,4.99999332428,8.046717604608,29.78756332397,17923.772951503495
532,6.525499999523,5.000015735626,8.046695193262,29.75609397888,17904.837216808075
533,6.625500008464,4.999978065491,8.046732863397,29.72467422485,17885.93132204586
534,6.725500002503,5.000005722046,8.046705206842,29.69275093079,17866.72243717091
535,6.825499996543,5.000015735626,8.046695193262,29.67061424255,17853.402348864365
536,6.925500005484,5.000004291534,8.046706637354,29.64035987854,17835.19769259861
537,7.025499999523,4.999988079071,8.046722849817,29.61112976074,17817.609345774305
538,7.125500008464,4.999981880188,8.0467290487,29.58245658875,17800.356124389305
539,7.225500002503,5.000014305115,8.046696623773,29.5585308075,17785.95950301587
540,7.325499996543,5.000013828278,8.046697100611,29.53332710266,17770.793929444928
541,7.425500005484,4.999991416931,8.046719511957,29.50782585144,17755.44931626273
542,7.525499999523,4.999989032745,8.046721896143,29.48278427124,17740.38129633206
543,7.625500008464,4.999989032745,8.046721896143,29.45958137512,17726.4196494075
544,7.725500002503,5.000004291534,8.046706637354,29.43606948853,17712.27207673372
545,7.825499996543,5.000012397766,8.046698531122,29.41596984863,17700.177721178137
546,7.925500005484,5.0,8.046710928888,29.39632034302,17688.354220432793
547,8.025499999523,4.999988555908,8.04672237298,29.37337493896,17674.547511633587
548,8.125500008464,5.000026702881,8.046684226007,29.35223388672,17661.826517432604
549,8.225500002503,5.000005245209,8.046705683679,29.33320999146,17650.379458954376
550,8.325499996543,5.000020503998,8.04669042489,29.31256484985,17637.956864103475
551,8.425500005484,5.00001001358,8.046700915308,29.29080963135,17624.866313773346
552,8.525499999523,5.0,8.046710928888,29.27162361145,17613.32170165484
553,8.625500008464,5.000000476837,8.046710452051,29.25581359863,17603.808500555977
554,8.725500002503,5.0,8.046710928888,29.23811912537,17593.161381899128
555,8.825499996543,5.000003814697,8.046707114191,29.22072792053,17582.696745919508
556,8.925500005484,5.00000333786,8.046707591028,29.20321083069,17572.156362416215
557,9.025499999523,5.000024795532,8.046686133356,29.18468856812,17561.011146366076
558,9.125500008464,5.000038146973,8.046672781916,29.16780471802,17550.85179588654
559,9.225500002503,5.00001001358,8.046700915308,29.15093994141,17540.70392230763
560,9.325499996543,5.000026226044,8.046684702844,29.1338634491,17530.42865515524
561,9.425500005484,5.000022888184,8.046688040705,29.11734390259,17520.488513436136
562,9.525499999523,5.000001430511,8.046709498377,29.10021781921,17510.183406344524
563,9.625500008464,5.000017166138,8.04669376275,29.0858039856,17501.510314216222
564,9.725500002503,5.000026226044,8.046684702844,29.06949424744,17491.696418379935
565,9.825499996543,5.000008583069,8.046702345819,29.05416488647,17482.472435117874
566,9.925500005484,5.000015735626,8.046695193262,29.03814506531,17472.832988142214
567,10.02549999952,5.000027656555,8.046683272333,29.02677536011,17465.991608996363
568,10.12550000846,5.000047683716,8.046663245172,29.01197433472,17457.085535825674
569,10.2255000025,5.000007152557,8.046703776331,28.99518013,17446.980126765236
570,10.32549999654,5.000018596649,8.046692332239,28.97810935974,17436.708302684838
571,10.42550000548,5.00000667572,8.046704253168,28.96690368652,17429.96562486391
572,10.52549999952,4.999995708466,8.046715220423,28.95267105103,17421.401563270494
573,10.62550000846,5.00001335144,8.046697577448,28.93912696838,17413.25181770001
574,10.7255000025,4.999992847443,8.046718081446,28.92839622498,17406.794914655926
575,10.82549999654,4.999982357025,8.046728571863,28.91258049011,17397.27827048507
576,10.92550000548,5.000024318695,8.046686610193,28.90003013611,17389.726471329483
577,11.02549999952,5.000004768372,8.046706160517,28.88792419434,17382.442083906124
578,11.12550000846,5.00001335144,8.046697577448,28.87561798096,17375.037189047256
579,11.2255000025,4.999979972839,8.046730956049,28.86263465881,17367.224864291387
580,11.32549999654,4.999992370605,8.046718558283,28.84549713135,17356.912871067827
581,11.42550000548,5.000018119812,8.046692809076,28.8353061676,17350.780764241048
582,11.52549999952,5.000016212463,8.046694716425,28.8231678009,17343.47686608843
583,11.62550000846,4.999997138977,8.046713789911,28.80973243713,17335.39253884369
584,11.7255000025,5.000012874603,8.046698054285,28.79793167114,17328.291781794243
585,11.82549999654,5.000017166138,8.04669376275,28.78651237488,17321.42056271519
586,11.92550000548,5.000025749207,8.046685179682,28.77410888672,17313.957135674566
587,12.02549999952,4.99998664856,8.046724280329,28.76162528992,17306.44550566214
588,12.12550000846,5.000019550323,8.046691378565,28.75082015991,17299.943842706212
589,12.2255000025,4.999990463257,8.046720465631,28.73842048645,17292.482711046916
590,12.32549999654,5.000030994415,8.046679934473,28.72605133057,17285.039942426214
591,12.42550000548,5.000029563904,8.046681364984,28.71419525146,17277.90590236555
592,12.52549999952,4.999985218048,8.04672571084,28.70302391052,17271.183882964546
593,12.62550000846,5.000005245209,8.046705683679,28.69209289551,17264.60647248495
594,12.7255000025,4.999999523163,8.046711405725,28.67944908142,17256.998436522914
595,12.82549999654,5.000026226044,8.046684702844,28.66662597656,17249.282517716656
596,12.92550000548,5.000033855438,8.04667707345,28.65641975403,17243.1412293766
597,13.02549999952,5.000017166138,8.04669376275,28.64630699158,17237.056177836974
598,13.12550000846,5.000005722046,8.046705206842,28.63763046265,17231.835336747787
599,13.2255000025,5.000016212463,8.046694716425,28.62616348267,17224.93542542018
600,13.32549999654,5.000004768372,8.046706160517,28.61382675171,17217.512167522716
601,13.42550000548,4.999983310699,8.046727618189,28.59847259521,17208.27326429405
602,13.52549999952,4.999991893768,8.04671903512,28.58954048157,17202.89863277018
603,13.62550000846,5.000020980835,8.046689948053,28.58232688904,17198.5580697887
604,13.7255000025,5.000007152557,8.046703776331,28.56941223145,17190.787061872677
605,13.82549999654,5.000009536743,8.046701392145,28.55707550049,17183.36380397522
606,13.92550000548,5.000023365021,8.046687563867,28.54676818848,17177.161688072072
607,14.02549999952,4.999999046326,8.046711882563,28.54005241394,17173.12067213736
608,14.12550000846,4.999980449677,8.046730479212,28.53030395508,17167.254829358164
609,14.2255000025,4.999994754791,8.046716174097,28.51624488831,17158.795207536976
610,14.32549999654,5.000005722046,8.046705206842,28.50597190857,17152.613750047734
611,14.42550000548,5.000034809113,8.046676119776,28.49517631531,17146.117825545134
612,14.52549999952,5.000008106232,8.046702822657,28.48625564575,17140.750080153208
613,14.62550000846,5.000007152557,8.046703776331,28.47927856445,17136.551830711815
614,14.7255000025,5.000002384186,8.046708544702,28.46765708923,17129.558956506586
615,14.82549999654,5.000001430511,8.046709498377,28.45525550842,17122.096677156624
616,14.92550000548,5.000006198883,8.046704730005,28.44464111328,17115.709783188904
617,15.02549999952,5.000004291534,8.046706637354,28.43735122681,17111.32331261696
618,15.12550000846,5.000007629395,8.046703299494,28.42876434326,17106.15641294688
619,15.2255000025,4.999987602234,8.046723326654,28.41754722595,17099.40684898798
620,15.32549999654,4.999979972839,8.046730956049,28.40711784363,17093.131280936475
621,15.42550000548,4.999982833862,8.046728095026,28.395652771,17086.23251729953
622,15.52549999952,4.999983787537,8.046727141352,28.38545227051,17080.094672025447
623,15.62550000846,5.000012397766,8.046698531122,28.37821578979,17075.740336762017
624,15.7255000025,4.999976158142,8.046734770746,28.3708782196,17071.325173941517
625,15.82549999654,5.000029087067,8.046681841822,28.35851860046,17063.888143768116
626,15.92550000548,5.000017642975,8.046693285913,28.35001182556,17058.76944707585
627,16.02549999952,5.000000953674,8.046709975214,28.34058380127,17053.096416189863
628,16.12550000846,5.000006198883,8.046704730005,28.33022117615,17046.86101728152
629,16.2255000025,4.999984741211,8.046726187677,28.32035446167,17040.924017729278
630,16.32549999654,4.999999523163,8.046711405725,28.30942726135,17034.34890262499
631,16.42550000548,5.000033855438,8.04667707345,28.30173110962,17029.71797411605
632,16.52549999952,5.000036716461,8.046674212427,28.2924079895,17024.10806616846
633,16.62550000846,4.999971389771,8.046739539118,28.28321647644,17018.577348822553
634,16.7255000025,5.000007629395,8.046703299494,28.27247428894,17012.113559634483
635,16.82549999654,5.000005245209,8.046705683679,28.26433563232,17007.21636707796
636,16.92550000548,4.999996185303,8.046714743585,28.25491714478,17001.54907464529
637,17.02549999952,5.000019073486,8.046691855402,28.2508392334,16999.09531376205
638,17.12550000846,4.999989032745,8.046721896143,28.23951911926,16992.2837745494
639,17.2255000025,4.999984264374,8.046726664514,28.23122596741,16987.293619121276
640,17.32549999654,5.0,8.046710928888,28.21968078613,16980.346652506512
641,17.42550000548,5.000006198883,8.046704730005,28.21109390259,16975.17975284245
642,17.52549999952,4.999997138977,8.046713789911,28.2028465271,16970.217141966197
643,17.62550000846,5.000004768372,8.046706160517,28.19631195068,16966.285156566366
644,17.7255000025,4.999989032745,8.046721896143,28.184715271,16959.30720233376
645,17.82549999654,4.999994277954,8.046716650934,28.17461776733,16953.23133230741
646,17.92550000548,4.999999523163,8.046711405725,28.16502761841,16947.46074778716
647,18.02549999952,4.999999523163,8.046711405725,28.1600227356,16944.449209644223
648,18.12550000846,4.999990940094,8.046719988794,28.1531047821,16940.286538583336
649,18.2255000025,5.000007629395,8.046703299494,28.14199829102,16933.60354064085
650,18.32549999654,5.000005245209,8.046705683679,28.13278961182,16928.06249408498
651,18.42550000548,5.000012397766,8.046698531122,28.12628364563,16924.14772403308
652,18.52549999952,5.000019550323,8.046691378565,28.1190032959,16919.76699190844
653,18.62550000846,4.999985218048,8.04672571084,28.11245155334,16915.82467729865
654,18.7255000025,5.000019073486,8.046691855402,28.10013198853,16908.411748617164
655,18.82549999654,5.000017642975,8.046693285913,28.09090423584,16902.85922516067
656,18.92550000548,5.000004768372,8.046706160517,28.08491325378,16899.254331365497
657,19.02549999952,5.000021457672,8.046689471216,28.07859992981,16895.455477992466
658,19.12550000846,5.000003814697,8.046707114191,28.07110977173,16890.948499985014
659,19.2255000025,5.000047683716,8.046663245172,28.06218338013,16885.577311527115
660,19.32549999654,4.999996185303,8.046714743585,28.0530796051,16880.099387909642
661,19.42550000548,5.000005722046,8.046705206842,28.04602813721,16875.856378568446
662,19.52549999952,5.000003814697,8.046707114191,28.03631401062,16870.011194203154
663,19.62550000846,5.000000953674,8.046709975214,28.02953147888,16865.930009125277
664,19.7255000025,5.000011920929,8.046699007959,28.02108383179,16860.846890819535
665,19.82549999654,5.000022888184,8.046688040705,28.01341819763,16856.234325343168
666,19.92550000548,4.999992847443,8.046718081446,28.00617599487,16851.876547013762
667,20.02549999952,4.999975204468,8.04673572442,27.99786567688,16846.87606237568
668,20.12550000846,5.000015258789,8.046695670099,27.98778343201,16840.809373874643
669,20.2255000025,5.00000667572,8.046704253168,27.97887611389,16835.449662311355
670,20.32549999654,5.000018119812,8.046692809076,27.97104454041,16830.73724782542
671,20.42550000548,4.999999523163,8.046711405725,27.96473312378,16826.93954213704
672,20.52549999952,5.000011920929,8.046699007959,27.95594024658,16821.64869196547
673,20.62550000846,5.000004768372,8.046706160517,27.95183944702,16819.181158806292
674,20.7255000025,5.000041484833,8.046669444055,27.94418716431,16814.576627164577
675,20.82549999654,4.99999666214,8.046714266748,27.93539428711,16809.28577699301
676,20.92550000548,5.000011444092,8.046699484796,27.92853927612,16805.160979699973
677,21.02549999952,4.999995231628,8.04671569726,27.919506073,16799.725520613014
678,21.12550000846,5.000012397766,8.046698531122,27.91090202332,16794.548291738985
679,21.2255000025,5.000024318695,8.046686610193,27.90508842468,16791.050133097364
680,21.32549999654,4.999994277954,8.046716650934,27.89835739136,16786.99993564937
681,21.42550000548,5.000009536743,8.046701392145,27.89024734497,16782.119958440777
682,21.52549999952,5.000028610229,8.046682318659,27.88094711304,16776.523822775143
683,21.62550000846,5.000024318695,8.046686610193,27.87238693237,16771.372990762324
684,21.7255000025,4.999980449677,8.046730479212,27.86834716797,16768.942183680334
685,21.82549999654,5.000029087067,8.046681841822,27.86192512512,16765.07791198156
686,21.92550000548,5.000016212463,8.046694716425,27.85384178162,16760.214002436252
687,22.02549999952,4.999980926514,8.046730002375,27.84488677979,16754.82559863042
688,22.12550000846,4.999985694885,8.046725234003,27.83744430542,16750.347312865506
689,22.2255000025,4.999988555908,8.04672237298,27.82990074158,16745.80819954352
690,22.32549999654,4.999989032745,8.046721896143,27.82556533813,16743.19950052891
691,22.42550000548,4.999991416931,8.046719511957,27.81596183777,16737.420882180028
692,22.52549999952,5.000014781952,8.046696146936,27.80703163147,16732.0473983408
693,22.62550000846,4.999977111816,8.046733817072,27.80020713806,16727.94096408636
694,22.7255000025,5.000014781952,8.046696146936,27.79815864563,16726.708345197436
695,22.82549999654,5.000021457672,8.046689471216,27.7916469574,16722.79013207956
696,22.92550000548,5.00001001358,8.046700915308,27.78353691101,16717.910154870966
697,23.02549999952,4.999983310699,8.046727618189,27.77123069763,16710.505260012098
698,23.12550000846,4.999979972839,8.046730956049,27.76668167114,16707.76801973936
699,23.2255000025,5.000005245209,8.046705683679,27.75862312317,16702.91903016065
700,23.32549999654,4.99998998642,8.046720942469,27.75450706482,16700.442315482174
701,23.42550000548,5.000021934509,8.046688994379,27.74442481995,16694.37562698114
702,23.52549999952,4.999992370605,8.046718558283,27.73847389221,16690.794834671862
703,23.62550000846,5.000022888184,8.046688040705,27.73090744019,16686.241949073938
704,23.7255000025,5.000002384186,8.046708544702,27.72808456421,16684.543368106257
705,23.82549999654,5.000036239624,8.046674689264,27.71648597717,16677.564266176963
706,23.92550000548,5.000010490417,8.046700438471,27.71097564697,16674.248590224604
707,24.02549999952,5.000029087067,8.046681841822,27.70376586914,16669.91032262446
708,24.12550000846,4.999984264374,8.046726664514,27.6951713562,16664.738832197738
709,24.2255000025,4.99996805191,8.046742876978,27.69102096558,16662.241459105357
710,24.32549999654,4.999987125397,8.046723803491,27.68391418457,16657.96516675294
711,24.42550000548,5.000007152557,8.046703776331,27.67517089844,16652.704156520595
712,24.52549999952,5.000010490417,8.046700438471,27.6672706604,16647.950425194813
713,24.62550000846,5.000024318695,8.046686610193,27.66445732117,16646.257582680453
714,24.7255000025,5.00000667572,8.046704253168,27.65540313721,16640.8094990022
715,24.82549999654,4.999980449677,8.046730479212,27.65131759644,16638.351147362315
716,24.92550000548,4.999991416931,8.046719511957,27.64215278625,16632.836497667657
717,25.02549999952,4.999980449677,8.046730479212,27.63561439514,16628.90221689252
718,25.12550000846,4.999974250793,8.046736678095,27.62915229797,16625.013843707846
719,25.2255000025,5.000000953674,8.046709975214,27.621509552,16620.415050513435
720,25.32549999654,5.000009059906,8.046701868982,27.61838722229,16618.536282243836
721,25.42550000548,4.999998092651,8.046712836237,27.61086654663,16614.010941197786
722,25.52549999952,4.999991416931,8.046719511957,27.60278511047,16609.148179337124
723,25.62550000846,4.999988079071,8.046722849817,27.59455490112,16604.195897670834
724,25.7255000025,4.999994277954,8.046716650934,27.5886631012,16600.650683754102
725,25.82549999654,5.000008106232,8.046702822657,27.58332633972,16597.43944757397
726,25.92550000548,5.00001335144,8.046697577448,27.57687187195,16593.555665151955
727,26.02549999952,5.000009536743,8.046701392145,27.57277107239,16591.088131992776
728,26.12550000846,5.000052452087,8.046658476801,27.56763076782,16587.995107866827
729,26.2255000025,5.000017642975,8.046693285913,27.55902099609,16582.814435920805
730,26.32549999654,5.000009536743,8.046701392145,27.55291175842,16579.138385358598
731,26.42550000548,5.000009536743,8.046701392145,27.5467338562,16575.421017962562
732,26.52549999952,5.00000333786,8.046707591028,27.5390586853,16570.802714038895
733,26.62550000846,4.999999046326,8.046711882563,27.53189086914,16566.489695615313
734,26.7255000025,5.000013828278,8.046697100611,27.52942466736,16565.00573265142
735,26.82549999654,4.99998998642,8.046720942469,27.52258872986,16560.892412259014
736,26.92550000548,4.999994277954,8.046716650934,27.5142326355,16555.864383063035
737,27.02549999952,4.999997138977,8.046713789911,27.50838851929,16552.347861388836
738,27.12550000846,5.000008106232,8.046702822657,27.50233078003,16548.702798450497
739,27.2255000025,4.999973297119,8.046737631769,27.4980506897,16546.1273824471
740,27.32549999654,5.000004291534,8.046706637354,27.49180603027,16542.36984590188
741,27.42550000548,5.000029563904,8.046681364984,27.4858417511,16538.781019769987
742,27.52549999952,5.000033855438,8.04667707345,27.47756385803,16533.800045855143
743,27.62550000846,5.000006198883,8.046704730005,27.47036743164,16529.46981208363
744,27.7255000025,4.999977588654,8.046733340235,27.46722793579,16527.580714604068
745,27.82549999654,4.999974250793,8.046736678095,27.46108436584,16523.884005621938
746,27.92550000548,5.000008583069,8.046702345819,27.45208740234,16518.470352639546
747,28.02549999952,5.000015735626,8.046695193262,27.44676589966,16515.26829798473
748,28.12550000846,5.000023841858,8.04668708703,27.44135093689,16512.01000652347
749,28.2255000025,5.000015735626,8.046695193262,27.4371471405,16509.480498110537
750,28.32549999654,5.000021934509,8.046688994379,27.43106651306,16505.82166289626
751,28.42550000548,5.000012874603,8.046698054285,27.42300796509,16500.972673317552
752,28.52549999952,5.00001335144,8.046697577448,27.41623687744,16496.89837437764
753,28.62550000846,5.000030994415,8.046679934473,27.41145515442,16494.02111594615
754,28.7255000025,4.999989032745,8.046721896143,27.40680122375,16491.220752728997
755,28.82549999654,5.000002384186,8.046708544702,27.40256118774,16488.669438211495
756,28.92550000548,4.999962329865,8.046748599024,27.39537620544,16484.34609057795
757,29.02549999952,5.00001001358,8.046700915308,27.38864898682,16480.298188511286
758,29.12550000846,5.000004768372,8.046706160517,27.38327598572,16477.065146226585
759,29.2255000025,4.999986171722,8.046724757166,27.37690353394,16473.23071446703
760,29.32549999654,4.999998092651,8.046712836237,27.3714389801,16469.942583066546
761,29.42550000548,5.000011444092,8.046699484796,27.3649520874,16466.039289915272
762,29.52549999952,5.000017166138,8.04669376275,27.35983467102,16462.96003807128
763,29.62550000846,4.999998569489,8.0467123594,27.35446166992,16459.72699578658
764,29.7255000025,4.99998998642,8.046720942469,27.35071182251,16457.4706375592
765,29.82549999654,5.00000333786,8.046707591028,27.34406471252,16453.47093845832
766,29.92550000548,5.000016212463,8.046694716425,27.33453941345,16447.739375390567
767,30.02549999952,4.99998998642,8.046720942469,27.33027839661,16445.175436287795
768,30.12550000846,4.999972820282,8.046738108606,27.32575416565,16442.453115981658
769,30.2255000025,4.999969959259,8.046740969629,27.32355117798,16441.127534215113
770,30.32549999654,4.999989032745,8.046721896143,27.31445121765,16435.651905978968
771,30.42550000548,4.999996185303,8.046714743585,27.31112670898,16433.6514825832
772,30.52549999952,4.999970912933,8.046740015955,27.302318573,16428.351450898346
773,30.62550000846,5.000007152557,8.046703776331,27.29979133606,16426.83076185727
774,30.7255000025,5.000025272369,8.046685656519,27.29369163513,16423.160449742365
775,30.82549999654,5.000006198883,8.046704730005,27.29067993164,16421.348247483154
776,30.92550000548,4.999999046326,8.046711882563,27.28011703491,16414.992341139303
777,31.02549999952,5.000028133392,8.046682795496,27.27586746216,16412.4352881745
778,31.12550000846,5.000030040741,8.046680888147,27.26823425293,16407.842233427393
779,31.2255000025,5.000007152557,8.046703776331,27.26670074463,16406.919490795193
780,31.32549999654,5.00000333786,8.046707591028,27.26242446899,16404.346370167106
781,31.42550000548,5.000015258789,8.046695670099,27.25420761108,16399.402122329444
782,31.52549999952,5.000019550323,8.046691378565,27.2476940155,16395.482761520907
783,31.62550000846,5.000011920929,8.046699007959,27.23958206177,16390.601636627667
784,31.7255000025,4.999998092651,8.046712836237,27.23858833313,16390.00369021879
785,31.82549999654,5.00000667572,8.046704253168,27.23147964478,16385.726250181728
786,31.92550000548,5.000002861023,8.046708067865,27.22731399536,16383.219695564032
787,32.02549999952,5.000004291534,8.046706637354,27.22347640991,16380.910543602198
788,32.12550000846,5.00001001358,8.046700915308,27.21527290344,16375.974329593175
789,32.2255000025,5.000000953674,8.046709975214,27.20965576172,16372.594383011756
790,32.32549999654,5.000030517578,8.04668041131,27.20546722412,16370.074056118121
791,32.42550000548,5.000017166138,8.04669376275,27.2034702301,16368.872424853062
792,32.52549999952,4.999998092651,8.046712836237,27.19627571106,16364.543338772213
793,32.62550000846,4.999983787537,8.046727141352,27.18997383118,16360.751371537153
794,32.7255000025,4.999984741211,8.046726187677,27.18636131287,16358.577646977432
795,32.82549999654,5.000009536743,8.046701392145,27.18043899536,16355.014070016083
796,32.92550000548,4.999990940094,8.046719988794,27.17453956604,16351.464265336692
797,33.02549999952,4.999997138977,8.046713789911,27.16920471191,16348.254176847227
798,33.12550000846,4.999980449677,8.046730479212,27.16527557373,16345.889935775625
799,33.2255000025,5.000023365021,8.046687563867,27.15811920166,16341.58380349001
800,33.32549999654,5.00001001358,8.046700915308,27.15386581421,16339.024455143877
801,33.42550000548,5.000035762787,8.046675166101,27.14744567871,16335.161331135767
802,33.52549999952,5.0,8.046710928888,27.14350700378,16332.791351610847
803,33.62550000846,5.000043869019,8.04666705987,27.13674736023,16328.723938814923
804,33.7255000025,5.000028610229,8.046682318659,27.13507652283,16327.718562515065
805,33.82549999654,5.000023841858,8.04668708703,27.13042259216,16324.918199297908
806,33.92550000548,4.99998664856,8.046724280329,27.1233959198,16320.690109923311
807,34.02549999952,4.999997138977,8.046713789911,27.11783981323,16317.346889413062
808,34.12550000846,5.000012397766,8.046698531122,27.11470603943,16315.461235005494
809,34.2255000025,5.000008106232,8.046702822657,27.11040687561,16312.874342101468
810,34.32549999654,4.999990463257,8.046720465631,27.10591506958,16310.171532524588
811,34.42550000548,5.000007152557,8.046703776331,27.09974098206,16306.45646050988
812,34.52549999952,4.99999332428,8.046717604608,27.09434127808,16303.207350567916
813,34.62550000846,4.99999666214,8.046714266748,27.08794784546,16299.360294217073
814,34.7255000025,4.99998664856,8.046724280329,27.08591842651,16298.139152222755
815,34.82549999654,4.999963760376,8.046747168512,27.07883834839,16293.878927533626
816,34.92550000548,5.000027179718,8.04668374917,27.07788658142,16293.306230301312
817,35.02549999952,5.000000476837,8.046710452051,27.06949043274,16288.254099619435
818,35.12550000846,5.000022888184,8.046688040705,27.06456756592,16285.291912138959
819,35.2255000025,4.999995708466,8.046715220423,27.05812263489,16281.413868164249
820,35.32549999654,4.999987125397,8.046723803491,27.05345344543,16278.604323427797
821,35.42550000548,5.000019550323,8.046691378565,27.04801559448,16275.332259690595
822,35.52549999952,4.999982357025,8.046728571863,27.0451335907,16273.598100342406
823,35.62550000846,4.999980449677,8.046730479212,27.03972816467,16270.345547328445
824,35.7255000025,5.000004291534,8.046706637354,27.03370094299,16266.7188474287
825,35.82549999654,5.000009536743,8.046701392145,27.03042221069,16264.745968590816
826,35.92550000548,4.999984264374,8.046726664514,27.02851104736,16263.595983369549
827,36.02549999952,4.99994802475,8.046762904138,27.02235031128,16259.888945183475
828,36.12550000846,4.999997138977,8.046713789911,27.01563644409,16255.849076939425
829,36.2255000025,5.000020503998,8.04669042489,27.01125717163,16253.213981063602
830,36.32549999654,4.999988555908,8.04672237298,27.00482559204,16249.343970917525
831,36.42550000548,4.999997615814,8.046713313074,27.00081825256,16246.932674558775
832,36.52549999952,4.999973773956,8.046737154932,26.99734306335,16244.841583666712
833,36.62550000846,5.00004863739,8.046662291498,26.98857688904,16239.566801158426
834,36.7255000025,5.000020027161,8.046690901728,26.98627471924,16238.181539519457
835,36.82549999654,5.000014305115,8.046696623773,26.97874450684,16233.650460026103
836,36.92550000548,5.000007629395,8.046703299494,26.97452735901,16231.11291778454
837,37.02549999952,5.000008106232,8.046702822657,26.97191047668,16229.538287318343
838,37.12550000846,5.000012874603,8.046698054285,26.96658706665,16226.335084972861
839,37.2255000025,5.000016212463,8.046694716425,26.96261787415,16223.946742415363
840,37.32549999654,4.999995231628,8.04671569726,26.95980262756,16222.25275220432
841,37.42550000548,5.000014305115,8.046696623773,26.95393562317,16218.722458254188
842,37.52549999952,4.999986171722,8.046724757166,26.94960021973,16216.11375924559
843,37.62550000846,5.000008583069,8.046702345819,26.94458770752,16213.097630339995
844,37.7255000025,5.000008106232,8.046702822657,26.93901824951,16209.746376001112
845,37.82549999654,5.000007629395,8.046703299494,26.9317817688,16205.392040743702
846,37.92550000548,5.000000953674,8.046709975214,26.92887878418,16203.64525680422
847,38.02549999952,5.000028133392,8.046682795496,26.92682647705,16202.410342533965
848,38.12550000846,5.000007152557,8.046703776331,26.92143821716,16199.168118729967
849,38.2255000025,4.999978542328,8.04673238656,26.9114780426,16193.174882377294
850,38.32549999654,5.000005722046,8.046705206842,26.90911102295,16191.750599285828
851,38.42550000548,4.99998998642,8.046720942469,26.90739631653,16190.71882611874
852,38.52549999952,4.999997615814,8.046713313074,26.90182876587,16187.368719470524
853,38.62550000846,4.999996185303,8.046714743585,26.89477729797,16183.125710123306
854,38.7255000025,4.999978065491,8.046732863397,26.89099311829,16180.848693482023
855,38.82549999654,4.99998998642,8.046720942469,26.88651275635,16178.15277004311
856,38.92550000548,4.999994754791,8.046716174097,26.88319015503,16176.153494338001
857,39.02549999952,5.00001335144,8.046697577448,26.87663269043,16172.207736662234
858,39.12550000846,4.999979972839,8.046730956049,26.87533760071,16171.428455260777
859,39.2255000025,5.000005722046,8.046705206842,26.86647033691,16166.092845183388
860,39.32549999654,4.999982833862,8.046728095026,26.86354255676,16164.331141277304
861,39.42550000548,4.999988555908,8.04672237298,26.85904312134,16161.623740943785
862,39.52549999952,4.999969959259,8.046740969629,26.85668754578,16160.206343990287
863,39.62550000846,5.00001001358,8.046700915308,26.85192108154,16157.338267072075
864,39.7255000025,4.999985218048,8.04672571084,26.8458442688,16153.681727239127
865,39.82549999654,5.000010967255,8.046699961634,26.84108543396,16150.818241083573
866,39.92550000548,5.000010490417,8.046700438471,26.8374786377,16148.647959595843
867,40.02549999952,4.999969959259,8.046740969629,26.83310127258,16146.014011404668
868,40.12550000846,4.999990463257,8.046720465631,26.82949638367,16143.844877607604
869,40.2255000025,4.999979496002,8.046731432886,26.82579612732,16141.618359313426
870,40.32549999654,4.999992370605,8.046718558283,26.82231140137,16139.52152997406
871,40.42550000548,5.000011444092,8.046699484796,26.81679916382,16136.204706331037
872,40.52549999952,5.000017166138,8.04669376275,26.80949401855,16131.809054233778
873,40.62550000846,5.00003528595,8.046675642938,26.80722427368,16130.443303324068
874,40.7255000025,4.999995708466,8.046715220423,26.80262565613,16127.676223118127
875,40.82549999654,5.000030040741,8.046680888147,26.80138397217,16126.929077031202
876,40.92550000548,5.000005722046,8.046705206842,26.79567718506,16123.495189024663
877,41.02549999952,4.999979972839,8.046730956049,26.78817749023,16118.982472563886
878,41.12550000846,5.000006198883,8.046704730005,26.78506660461,16117.110590432256
879,41.2255000025,5.000020503998,8.04669042489,26.78183555603,16115.166403842928
880,41.32549999654,5.000018596649,8.046692332239,26.7778301239,16112.756255174841
881,41.42550000548,4.999993801117,8.046717127771,26.77576446533,16111.513307075955
882,41.52549999952,4.999999046326,8.046711882563,26.77013397217,16108.125326665902
883,41.62550000846,4.999982833862,8.046728095026,26.76405906677,16104.4699345176
884,41.7255000025,5.000012397766,8.046698531122,26.75807189941,16100.867336103754
885,41.82549999654,4.999962329865,8.046748599024,26.75512886047,16099.096450678373
886,41.92550000548,5.000003814697,8.046707114191,26.75120925903,16096.737948054079
887,42.02549999952,5.000002384186,8.046708544702,26.74890899658,16095.353834105776
888,42.12550000846,5.000012397766,8.046698531122,26.74349975586,16092.098985716506
889,42.2255000025,5.000003814697,8.046707114191,26.73750686646,16088.492944236683
890,42.32549999654,4.999997138977,8.046713789911,26.73348426819,16086.072466358637
891,42.42550000548,4.999971389771,8.046739539118,26.72852516174,16083.088472767571
892,42.52549999952,5.000014781952,8.046696146936,26.72579574585,16081.446128606336
893,42.62550000846,4.999999046326,8.046711882563,26.72379112244,16080.239906584638
894,42.7255000025,4.999994754791,8.046716174097,26.72005081177,16077.989286804563
895,42.82549999654,5.000014305115,8.046696623773,26.71375274658,16074.199614944813
896,42.92550000548,5.000001907349,8.04670902154,26.70960426331,16071.703389543094
897,43.02549999952,5.000030994415,8.046679934473,26.70641326904,16069.783304433648
898,43.12550000846,5.000017166138,8.04669376275,26.70161819458,16066.898012173526
899,43.2255000025,5.000002384186,8.046708544702,26.69746589661,16064.399491390479
900,43.32549999654,5.000009536743,8.046701392145,26.69360923767,16062.078862528018
901,43.42550000548,4.999997615814,8.046713313074,26.68806266785,16058.741380471092
902,43.52549999952,5.000016689301,8.046694239588,26.68511772156,16056.969347355049
903,43.62550000846,4.999995231628,8.04671569726,26.67984199524,16053.794837252106
904,43.7255000025,4.999999046326,8.046711882563,26.67726325989,16052.24316058716
905,43.82549999654,5.000021934509,8.046688994379,26.67071723938,16048.304289049362
906,43.92550000548,5.000024795532,8.046686133356,26.67282867432,16049.574781706142
907,44.02549999952,5.000017166138,8.04669376275,26.6637172699,16044.092267332031
908,44.12550000846,4.999977588654,8.046733340235,26.65950393677,16041.557020471795
909,44.2255000025,4.999999523163,8.046711405725,26.65259361267,16037.398940173563
910,44.32549999654,4.999983310699,8.046727618189,26.65464019775,16038.630411371823
911,44.42550000548,5.000017166138,8.04669376275,26.65335464478,16037.856868423687
912,44.52549999952,5.000015258789,8.046695670099,26.64600563049,16033.434819459202
913,44.62550000846,5.000020503998,8.04669042489,26.64001464844,16029.829925670045
914,44.7255000025,5.000020027161,8.046690901728,26.63578033447,16027.282054218518
915,44.82549999654,5.000033855438,8.04667707345,26.63453102112,16026.530317374954
916,44.92550000548,5.000020027161,8.046690901728,26.63054847717,16024.133940982803
917,45.02549999952,4.999996185303,8.046714743585,26.62271308899,16019.419231115544
918,45.12550000846,4.999993801117,8.046717127771,26.62021255493,16017.91460973173
919,45.2255000025,4.999992370605,8.046718558283,26.61743354797,16016.242425631272
920,45.32549999654,5.000031471252,8.046679457636,26.61102485657,16012.38618776715
921,45.42550000548,5.000020980835,8.046689948053,26.61086845398,16012.292077198867
922,45.52549999952,4.999973297119,8.046737631769,26.60597229004,16009.345957375655
923,45.62550000846,4.999995231628,8.04671569726,26.59958267212,16005.501196406141
924,45.7255000025,5.000011444092,8.046699484796,26.5958442688,16003.251724316731
925,45.82549999654,4.999985694885,8.046725234003,26.59286689758,16001.460180471428
926,45.92550000548,5.000000953674,8.046709975214,26.59215927124,16001.034387541851
927,46.02549999952,4.999994277954,8.046716650934,26.59020423889,15999.858005453356
928,46.12550000846,4.999986171722,8.046724757166,26.57821273804,15992.642479421718
929,46.2255000025,5.000000476837,8.046710452051,26.57222175598,15989.037585626542
930,46.32549999654,5.000025272369,8.046685656519,26.57545661926,15990.984067597197
931,46.42550000548,4.999983310699,8.046727618189,26.57385826111,15990.022303512496
932,46.52549999952,4.999980449677,8.046730479212,26.56665992737,15985.690922050318
933,46.62550000846,5.00001001358,8.046700915308,26.55787277222,15980.403514950744
934,46.7255000025,5.000019073486,8.046691855402,26.55552101135,15978.988413372554
935,46.82549999654,4.999990940094,8.046719988794,26.55583000183,15979.174339127792
936,46.92550000548,5.000031471252,8.046679457636,26.55376815796,15977.933686410233
937,47.02549999952,4.999983787537,8.046727141352,26.54649353027,15973.55639735157
938,47.12550000846,4.999998569489,8.0467123594,26.54082107544,15970.143167764953
939,47.2255000025,5.000015258789,8.046695670099,26.53473091125,15966.478594097356
940,47.32549999654,4.999992847443,8.046718081446,26.53575897217,15967.097198926156
941,47.42550000548,4.999994754791,8.046716174097,26.53475189209,15966.491218688645
942,47.52549999952,4.999988079071,8.046722849817,26.52469444275,15960.439450154214
943,47.62550000846,4.999992847443,8.046718081446,26.52086448669,15958.13488894902
944,47.7255000025,5.00000333786,8.046707591028,26.51734161377,15956.015105814417
945,47.82549999654,4.999999046326,8.046711882563,26.51419639587,15954.122565262862
946,47.92550000548,5.000001907349,8.04670902154,26.51122093201,15952.332169114241
947,48.02549999952,4.99996805191,8.046742876978,26.50665473938,15949.58459963154
948,48.12550000846,4.999995231628,8.04671569726,26.50116920471,15946.283843645782
949,48.2255000025,5.000011444092,8.046699484796,26.49629211426,15943.3492007232
950,48.32549999654,5.000018119812,8.046692809076,26.49357414246,15941.71374269993
951,48.42550000548,5.000002384186,8.046708544702,26.49230766296,15940.951676640385
952,48.52549999952,4.999993801117,8.046717127771,26.4873008728,15937.938990806782
953,48.62550000846,4.999994754791,8.046716174097,26.48147010803,15934.430502961219
954,48.7255000025,5.000008106232,8.046702822657,26.47766876221,15932.143157109975
955,48.82549999654,4.999986171722,8.046724757166,26.4738407135,15929.839743595443
956,48.92550000548,5.000008583069,8.046702345819,26.47000312805,15927.53059163361
957,49.02549999952,5.000021457672,8.046689471216,26.46733474731,15925.924973543546
958,49.12550000846,5.000020980835,8.046689948053,26.46244049072,15922.980001410997
959,49.2255000025,5.000004768372,8.046706160517,26.45961952209,15921.28256813398
960,49.32549999654,5.00003194809,8.046678980799,26.45478057861,15918.370879006627
961,49.42550000548,5.000033855438,8.04667707345,26.4518032074,15916.579335167344
962,49.52549999952,5.000025749207,8.046685179682,26.44773483276,15914.131312731402
963,49.62550000846,4.999996185303,8.046714743585,26.44634056091,15913.292351457523
964,49.7255000025,5.000005722046,8.046705206842,26.44248390198,15910.971722601082
965,49.82549999654,4.999976634979,8.046734293909,26.43711090088,15907.73868031638
966,49.92550000548,5.000005722046,8.046705206842,26.43471336365,15906.29603418632
967,50.02549999952,5.000001430511,8.046709498377,26.42792510986,15902.211406036447
968,50.12550000846,4.999997615814,8.046713313074,26.42619132996,15901.168155974754
969,50.2255000025,4.999998092651,8.046712836237,26.42276573181,15899.106905015891
970,50.32549999654,5.000017166138,8.04669376275,26.41784477234,15896.145865226079
971,50.42550000548,5.000012397766,8.046698531122,26.41332626343,15893.426987991936
972,50.52549999952,4.999992370605,8.046718558283,26.41136932373,15892.249458212775
973,50.62550000846,5.000015258789,8.046695670099,26.40617370605,15889.12315108163
974,50.7255000025,5.000024318695,8.046686610193,26.40232467651,15886.807112981827
975,50.82549999654,5.000005722046,8.046705206842,26.39983177185,15885.307082360672
976,50.92550000548,4.999989509583,8.046721419306,26.39405632019,15881.831877520304
977,51.02549999952,5.000000953674,8.046709975214,26.39216995239,15880.696812265636
978,51.12550000846,4.999974727631,8.046736201258,26.38933372498,15878.990197475337
979,51.2255000025,5.000003814697,8.046707114191,26.38515472412,15876.475609029007
980,51.32549999654,4.999992847443,8.046718081446,26.38356018066,15875.516140319618
981,51.42550000548,4.999968528748,8.046742400141,26.37718582153,15871.6805608694
982,51.52549999952,5.000008106232,8.046702822657,26.37525558472,15870.519098753524
983,51.62550000846,4.999991416931,8.046719511957,26.37231254578,15868.748213328145
984,51.7255000025,4.999994754791,8.046716174097,26.36790466309,15866.09590210439
985,51.82549999654,5.000013828278,8.046697100611,26.36501121521,15864.354856612214
986,51.92550000548,5.000034332275,8.046676596613,26.3634185791,15863.396535593487
987,52.02549999952,5.000010490417,8.046700438471,26.35676193237,15859.391098045297
988,52.12550000846,5.000003814697,8.046707114191,26.35404777527,15857.757935403359
989,52.2255000025,5.000036716461,8.046674212427,26.35018920898,15855.436158850236
990,52.32549999654,5.000012397766,8.046698531122,26.34730148315,15853.698556430052
991,52.42550000548,5.000020980835,8.046689948053,26.34420204163,15851.833560442405
992,52.52549999952,5.000012874603,8.046698054285,26.33989906311,15849.24437215705
993,52.62550000846,4.999995708466,8.046715220423,26.3374786377,15847.78795375105
994,52.7255000025,5.000007152557,8.046703776331,26.33573722839,15846.740112920681
995,52.82549999654,4.999965667725,8.046745261164,26.32841300964,15842.332983928814
996,52.92550000548,4.999991416931,8.046719511957,26.32579231262,15840.756058087305
997,53.02549999952,5.000029563904,8.046681364984,26.32370376587,15839.499337712481
998,53.12550000846,5.000037193298,8.04667373559,26.32204818726,15838.503142931919
999,53.2255000025,5.0,8.046710928888,26.31496238708,15834.23947516478
1000,53.32549999654,5.000006198883,8.046704730005,26.31376647949,15833.519873635745
1001,53.42550000548,5.000021934509,8.046688994379,26.3070526123,15829.480005391697
1002,53.52549999952,5.000001430511,8.046709498377,26.30413818359,15827.726335314244
1003,53.62550000846,5.000015735626,8.046695193262,26.30081748962,15825.7282072998
1004,53.7255000025,4.999981880188,8.0467290487,26.29949378967,15824.931710550412
1005,53.82549999654,4.999976158142,8.046734770746,26.29614067078,15822.914071812726
1006,53.92550000548,5.000020503998,8.04669042489,26.29232597351,15820.618692126829
1007,54.02549999952,5.000007152557,8.046703776331,26.28657150269,15817.15611187775
1008,54.12550000846,5.000022411346,8.046688517542,26.2843132019,15815.797247099994
1009,54.2255000025,4.999965667725,8.046745261164,26.27962303162,15812.975077784287
1010,54.32549999654,4.999967098236,8.046743830652,26.27649116516,15811.090571061364
1011,54.42550000548,5.000010967255,8.046699961634,26.27449989319,15809.8923828683
1012,54.52549999952,5.000013828278,8.046697100611,26.27131271362,15807.974593140181
1013,54.62550000846,4.99999332428,8.046717604608,26.26678848267,15805.252272840062
1014,54.7255000025,4.999983310699,8.046727618189,26.26290893555,15802.917871701666
1015,54.82549999654,5.000023841858,8.04668708703,26.25966644287,15800.966798968351
1016,54.92550000548,4.999976158142,8.046734770746,26.2577419281,15799.80877991845
1017,55.02549999952,5.000003814697,8.046707114191,26.25499343872,15798.154958856589
1018,55.12550000846,4.999979972839,8.046730956049,26.25049591064,15795.448706207717
1019,55.2255000025,5.000013828278,8.046697100611,26.24614334106,15792.82967798916
1020,55.32549999654,4.999977588654,8.046733340235,26.24224662781,15790.484947646819
1021,55.42550000548,4.99999666214,8.046714266748,26.23786354065,15787.847556389666
1022,55.52549999952,5.000007629395,8.046703299494,26.23476791382,15785.984855777333
1023,55.62550000846,5.00001001358,8.046700915308,26.23335647583,15785.13556529349
1024,55.7255000025,5.000008583069,8.046702345819,26.22879981995,15782.393734264113
1025,55.82549999654,4.999993801117,8.046717127771,26.22561264038,15780.475944535994
1026,55.92550000548,5.000029087067,8.046681841822,26.22416305542,15779.603700256917
1027,56.02549999952,4.999985218048,8.04672571084,26.21963691711,15776.880232260117
1028,56.12550000846,4.999989032745,8.046721896143,26.21856498718,15776.235230570104
1029,56.2255000025,5.000007152557,8.046703776331,26.21233177185,15772.484580168875
1030,56.32549999654,5.000010967255,8.046699961634,26.20999145508,15771.076364734674
1031,56.42550000548,4.999958515167,8.046752413721,26.20567893982,15768.481438002014
1032,56.52549999952,4.999984264374,8.046726664514,26.20436286926,15767.689532009266
1033,56.62550000846,5.000023841858,8.04668708703,26.20079421997,15765.542204316771
1034,56.7255000025,5.000008106232,8.046702822657,26.19652175903,15762.971379070012
1035,56.82549999654,5.000028610229,8.046682318659,26.19345283508,15761.124746114943
1036,56.92550000548,4.99995803833,8.046752890558,26.19213485718,15760.331692437549
1037,57.02549999952,4.999988079071,8.046722849817,26.18920135498,15758.566545459473
1038,57.12550000846,4.999979972839,8.046730956049,26.18242454529,15754.488803453589
1039,57.2255000025,4.999982357025,8.046728571863,26.17925453186,15752.581342935433
1040,57.32549999654,5.000011444092,8.046699484796,26.17818450928,15751.937488936088
1041,57.42550000548,4.999993801117,8.046717127771,26.17424964905,15749.569804792494
1042,57.52549999952,5.000014305115,8.046696623773,26.1733379364,15749.02120904608
1043,57.62550000846,4.999973297119,8.046737631769,26.166015625,15744.615227744876
1044,57.7255000025,5.000016689301,8.046694239588,26.1649684906,15743.985146021467
1045,57.82549999654,4.999989509583,8.046721419306,26.16022109985,15741.128546003882
1046,57.92550000548,5.000000953674,8.046709975214,26.1584777832,15740.079557488865
1047,58.02549999952,4.999999046326,8.046711882563,26.15543556213,15738.248992191062
1048,58.12550000846,5.000005245209,8.046705683679,26.15068626404,15735.391244488832
1049,58.2255000025,4.999996185303,8.046714743585,26.14635658264,15732.78598854621
1050,58.32549999654,5.000010490417,8.046700438471,26.14339828491,15731.005921601532
1051,58.42550000548,4.999960422516,8.046750506372,26.14235496521,15730.378135259454
1052,58.52549999952,5.000012874603,8.046698054285,26.13663291931,15726.935065733616
1053,58.62550000846,5.000007152557,8.046703776331,26.13454055786,15725.676049977465
1054,58.7255000025,5.000055789948,8.046655138941,26.12874031067,15722.185925170495
1055,58.82549999654,4.999989509583,8.046721419306,26.12591552734,15720.486196512145
1056,58.92550000548,5.000000476837,8.046710452051,26.12720680237,15721.263182538294
1057,59.02549999952,4.99998998642,8.046720942469,26.12309265137,15718.787615550482
1058,59.12550000846,4.99999666214,8.046714266748,26.120885849,15717.459738402607
1059,59.2255000025,4.999989032745,8.046721896143,26.1153717041,15714.14176706892
1060,59.32549999654,4.999981403351,8.046729525537,26.11495780945,15713.892718375286
1061,59.42550000548,4.999991416931,8.046719511957,26.10984611511,15710.816909597266
1062,59.52549999952,5.000026226044,8.046684702844,26.10918807983,15710.420956600892
1063,59.62550000846,4.999992370605,8.046718558283,26.1056728363,15708.305764222929
1064,59.7255000025,5.000008583069,8.046702345819,26.10255432129,15706.429291334658
1065,59.82549999654,4.999987125397,8.046723803491,26.09994125366,15704.856956249789
1066,59.92550000548,5.000027656555,8.046683272333,26.09412193298,15701.355354542193
1067,60.02549999952,5.000018119812,8.046692809076,26.09197807312,15700.065351162175
1068,60.12550000846,4.999975204468,8.04673572442,26.08926200867,15698.431040829571
1069,60.2255000025,5.000001430511,8.046709498377,26.08501815796,15695.877430930741
1070,60.32549999654,4.999980926514,8.046730002375,26.08393859863,15695.227838478073
1071,60.42550000548,5.000008106232,8.046702822657,26.07933425903,15692.457315200138
1072,60.52549999952,5.000001430511,8.046709498377,26.07706832886,15691.093859671759
1073,60.62550000846,5.000002384186,8.046708544702,26.07144165039,15687.708174637017
1074,60.7255000025,4.999988555908,8.04672237298,26.07089424133,15687.378787651032
1075,60.82549999654,5.000010490417,8.046700438471,26.06551361084,15684.141154609693
1076,60.92550000548,4.999995708466,8.046715220423,26.06500244141,15683.8335737343
1077,61.02549999952,4.999996185303,8.046714743585,26.06198120117,15682.015633021769
1078,61.12550000846,5.000009536743,8.046701392145,26.0571231842,15679.092466993794
1079,61.2255000025,4.999974727631,8.046736201258,26.05550765991,15678.120373699128
1080,61.32549999654,5.000017166138,8.04669376275,26.04938697815,15674.437436998953
1081,61.42550000548,5.000001907349,8.04670902154,26.05027580261,15674.972260463413
1082,61.52549999952,5.000009059906,8.046701868982,26.04808044434,15673.651269459526
1083,61.62550000846,5.000001430511,8.046709498377,26.04547119141,15672.081229755988
1084,61.7255000025,5.000009059906,8.046701868982,26.04400253296,15671.197508576284
1085,61.82549999654,4.999992847443,8.046718081446,26.03316307068,15664.675187206454
1086,61.92550000548,4.999991416931,8.046719511957,26.03430938721,15665.364948802287
1087,62.02549999952,4.999956130981,8.046754797907,26.03057289124,15663.116624403538
1088,62.12550000846,5.000030517578,8.04668041131,26.02871131897,15661.996479115474
1089,62.2255000025,5.000016212463,8.046694716425,26.02562141418,15660.137221569117
1090,62.32400000095,5.000018596649,8.046692332239,26.02194023132,15657.922180175563
1091,62.32500000298,5.000020980835,8.046689948053,26.0218334198,15657.857909546501
1092,62.32800000906,5.000027656555,8.046683272333,26.0216255188,15657.732811354352
1093,62.4280000031,4.999878883362,8.046832045526,26.02146911621,15657.638700786069
1094,62.5055000037,4.989741802216,8.056969126673,26.00196838379,15645.90471984635
1095,62.52600000799,4.979388713837,8.067322215052,25.90357208252,15586.697696295954
1096,62.53700000048,4.969254970551,8.077455958338,25.74359893799,15490.438653899344
1097,62.54500000179,4.958676815033,8.088034113855,25.56458282471,15382.721076123878
1098,62.55200000107,4.948018550873,8.098692378015,25.36658477783,15263.581689040728
1099,62.55850000679,4.93755865097,8.109152277918,25.16223907471,15140.622790170646
1100,62.56500001252,4.926809310913,8.119901617975,24.94474411011,15009.751717529109
1101,62.57100000978,4.916753768921,8.129957159967,24.74100875854,14887.160079400826
1102,62.5775000006,4.906038284302,8.140672644586,24.52653121948,14758.104652090487
1103,62.58400000632,4.895914077759,8.150796851129,24.32780075073,14638.524552111161
1104,62.59149999917,4.885637283325,8.161073645563,24.1170463562,14511.709415370939
1105,62.59950000048,4.875623703003,8.171087225885,23.90946578979,14386.804034524184
1106,62.60750000179,4.865423202515,8.181287726374,23.70914840698,14266.269056598121
1107,62.6155000031,4.854852676392,8.191858252497,23.50291061401,14142.171649401378
1108,62.62300001085,4.84462928772,8.202081641168,23.29661178589,14018.037516133465
1109,62.63000001013,4.834512710571,8.212198218317,23.09043502808,13893.976835013913
1110,62.63700000942,4.823881149292,8.222829779596,22.88315963745,13769.255084541064
1111,62.6440000087,4.813436508179,8.233274420709,22.67686080933,13645.120951273151
1112,62.65150000155,4.803098678589,8.243612250299,22.46866989136,13519.848309678577
1113,62.65999999642,4.79274559021,8.253965338678,22.26005172729,13394.318585555717
1114,62.66950000823,4.782621383667,8.264089545221,22.06376266479,13276.20752857368
1115,62.68100000918,4.77247428894,8.274236639948,21.87757492065,13164.1746369933
1116,62.69449999928,4.762456893921,8.284254034967,21.69276046753,13052.96808210153
1117,62.70700000226,4.752004623413,8.294706305475,21.51350021362,12945.103600023325
1118,62.71750000119,4.741874694824,8.304836234064,21.33939743042,12840.342471281032
1119,62.72750000656,4.7314453125,8.315265616388,21.15714645386,12730.678411534911
1120,62.73700000346,4.721279144287,8.325431784601,20.98118209839,12624.797137504553
1121,62.74700000882,4.710781097412,8.335929831476,20.79978561401,12515.647242802968
1122,62.75750000775,4.700315475464,8.346395453424,20.62137985229,12408.296925775321
1123,62.76850000024,4.689952850342,8.356758078546,20.44660568237,12303.13181020802
1124,62.77950000763,4.679929733276,8.366781195612,20.28168869019,12203.897955745659
1125,62.79050000012,4.669826507568,8.37688442132,20.11713790894,12104.884457728378
1126,62.80150000751,4.659345626831,8.387365302057,19.94700241089,12002.510523852921
1127,62.81200000644,4.64887046814,8.397840460749,19.7781791687,11900.92620058888
1128,62.8219999969,4.638459205627,8.408251723261,19.61406517029,11802.17552354719
1129,62.83200000226,4.627949714661,8.418761214228,19.44542503357,11700.701378508698
1130,62.84149999917,4.617909431458,8.428801497431,19.28587913513,11604.699418634356
1131,62.85100001097,4.60773563385,8.438975295038,19.12413597107,11507.375320065463
1132,62.86050000787,4.597504615784,8.449206313104,18.96568870544,11412.034429538397
1133,62.87049999833,4.58705997467,8.459650954218,18.8026638031,11313.939083396677
1134,62.8805000037,4.576916694641,8.469794234247,18.64720726013,11220.397770543546
1135,62.89100000262,4.566456794739,8.480254134149,18.48985862732,11125.717949369773
1136,62.90150000155,4.556168556213,8.490542372675,18.33696556091,11033.71913166229
1137,62.91200000048,4.545838356018,8.50087257287,18.18568992615,10942.693554946156
1138,62.9224999994,4.53538608551,8.511324843378,18.03319358826,10850.933456728366
1139,62.93250000477,4.525380134583,8.521330794306,17.88954734802,10764.498639371986
1140,62.9430000037,4.514924049377,8.531786879511,17.74034690857,10674.721749202043
1141,62.95350000262,4.504528999329,8.54218192956,17.59453392029,10586.983156189708
1142,62.96400000155,4.494183540344,8.552527388544,17.44908714294,10499.464919622453
1143,62.97450000048,4.483681678772,8.563029250116,17.30534934998,10412.975013162324
1144,62.98450000584,4.473565101624,8.573145827265,17.16808128357,10330.378070637495
1145,62.9944999963,4.463398933411,8.583311995478,17.03267478943,10248.901273400728
1146,63.00450000167,4.453328132629,8.593382796259,16.89827537537,10168.030456401471
1147,63.0150000006,4.442849159241,8.603861769647,16.76125144958,10085.58041817336
1148,63.02549999952,4.432465553284,8.614245375604,16.62669944763,10004.617785987148
1149,63.03599999845,4.42210483551,8.624606093378,16.49327659607,9924.334586186807
1150,63.04649999738,4.411744117737,8.634966811151,16.36025047302,9844.290105870139
1151,63.0569999963,4.401349067688,8.6453618612,16.22923851013,9765.457586028493
1152,63.06750001013,4.390978813171,8.655732115717,16.09846687317,9686.769675108257
1153,63.07800000906,4.380534172058,8.66617675683,15.96943855286,9609.130752703037
1154,63.08799999952,4.370520591736,8.676190337152,15.84642219543,9535.109348672246
1155,63.09800000489,4.360491752625,8.686219176264,15.72520637512,9462.171363858351
1156,63.10850000381,4.35002040863,8.696690520258,15.59929084778,9386.405471275426
1157,63.11900000274,4.339640617371,8.707070311518,15.47587776184,9312.145347760961
1158,63.12950000167,4.329337120056,8.717373808832,15.35356330872,9238.54629359979
1159,63.1400000006,4.318972587585,8.727738341303,15.23210334778,9165.461404483156
1160,63.15000000596,4.308966636658,8.73774429223,15.11589241028,9095.534957812199
1161,63.15999999642,4.298838615417,8.747872313471,14.99940681458,9025.443243805927
1162,63.17000000179,4.288573265076,8.758137663813,14.88163948059,8954.580282220812
1163,63.18000000715,4.278250694275,8.768460234613,14.76344490051,8883.460238113428
1164,63.18999999762,4.268000602722,8.778710326166,14.64778327942,8813.864326119117
1165,63.20000000298,4.257887840271,8.788823088617,14.53428840637,8745.572189780763
1166,63.21050000191,4.247393608093,8.799317320795,14.41801643372,8675.609017038634
1167,63.22100000083,4.237025260925,8.809685667963,14.304063797,8607.041435139416
1168,63.23149999976,4.226740837097,8.819970091791,14.19340705872,8540.457061288043
1169,63.24199999869,4.216368675232,8.830342253656,14.0807056427,8472.642363923056
1170,63.25200000405,4.206320762634,8.840390166254,13.97395515442,8408.408458867345
1171,63.26200000942,4.19614315033,8.850567778559,13.86644172668,8343.715477870845
1172,63.27199999988,4.185935020447,8.860775908441,13.75892829895,8279.022496880361
1173,63.28200000525,4.175799369812,8.870911559076,13.65196418762,8214.66005056051
1174,63.29250000417,4.165354728699,8.881356200189,13.5445728302,8150.040521718385
1175,63.3030000031,4.15515422821,8.891556700678,13.43779182434,8085.78825362408
1176,63.31350000203,4.145045280457,8.901665648432,13.33348274231,8023.023391565659
1177,63.32400000095,4.134764671326,8.911946257563,13.22919082642,7960.268858717199
1178,63.33400000632,4.124754905701,8.921956023188,13.12939834595,7900.221726202258
1179,63.34399999678,4.11462688446,8.932084044428,13.02780532837,7839.091174476441
1180,63.35400000215,4.104434013367,8.942276915521,12.92639541626,7778.070800976171
1181,63.36400000751,4.094336509705,8.952374419184,12.82666397095,7718.060394538418
1182,63.37450000644,4.083891868591,8.962819060297,12.72473526001,7656.7278494000975
1183,63.38500000536,4.073508262634,8.973202666254,12.6233253479,7595.707475899829
1184,63.39550000429,4.063090324402,8.983620604486,12.52310562134,7535.403260862618
1185,63.40600000322,4.052641868591,8.994069060297,12.4243812561,7475.998834656359
1186,63.41650000215,4.042159080505,9.004551848383,12.32364273071,7415.382447981096
1187,63.42700000107,4.031710624695,9.015000304193,12.22369766235,7355.243500279201
1188,63.4375,4.021288871765,9.025422057123,12.12503433228,7295.875800156147
1189,63.44799999893,4.010851860046,9.035859068842,12.02682876587,7236.783545587939
1190,63.45800000429,4.000823020935,9.045887907953,11.93445205688,7181.1986311746305
1191,63.46800000966,3.99067568779,9.056035241098,11.84280776978,7126.054429669535
1192,63.47800000012,3.980551481247,9.066159447641,11.75076675415,7070.67150866873
1193,63.48800000548,3.970480680466,9.076230248422,11.66098403931,7016.647452445683
1194,63.49850000441,3.959990262985,9.086720665903,11.56781387329,6960.585099059007
1195,63.50900000334,3.949579954147,9.097130974741,11.47552871704,6905.055273761483
1196,63.51950000226,3.939097166061,9.107613762827,11.38278579712,6849.250002903094
1197,63.52950000763,3.928915739059,9.117795189829,11.29587173462,6796.952072199605
1198,63.53949999809,3.918642759323,9.128068169565,11.20840835571,6744.323606819469
1199,63.54950000346,3.90836596489,9.138344963999,11.12048721313,6691.419695878469
1200,63.55950000882,3.898173093796,9.148537835092,11.03403091431,6639.39721074186
1201,63.56949999928,3.888117313385,9.158593615503,10.94907474518,6588.277383659855
1202,63.57999999821,3.877699375153,9.169011553736,10.86206912994,6535.924363840582
1203,63.59049999714,3.86732339859,9.179387530298,10.77533817291,6483.736611362642
1204,63.60100001097,3.856825351715,9.189885577173,10.68930912018,6431.971208748302
1205,63.61100000143,3.846666812897,9.200044115991,10.60819339752,6383.162255161117
1206,63.62100000679,3.836481571198,9.210229357691,10.52701663971,6334.316575502762
1207,63.63099999726,3.826323032379,9.220387896509,10.44522953033,6285.103635090571
1208,63.64100000262,3.816252231598,9.23045869729,10.36542606354,6237.084292120822
1209,63.65150000155,3.80579996109,9.240910967798,10.28333377838,6187.6877213347225
1210,63.66200000048,3.795423984528,9.251286944361,10.20261478424,6139.11748723723
1211,63.6724999994,3.784990787506,9.261720141382,10.12204837799,6090.639068326692
1212,63.68250000477,3.774958133698,9.271752795191,10.04692935944,6045.438451606677
1213,63.69250001013,3.764936923981,9.281774004907,9.971978187561,6000.338831587496
1214,63.70300000906,3.754442691803,9.292268237085,9.893975257874,5953.402907824413
1215,63.71350000799,3.744024753571,9.302686175318,9.81542301178,5906.136449386488
1216,63.72400000691,3.733606815338,9.31310411355,9.737908363342,5859.49433422226
1217,63.73399999738,3.723597049713,9.323113879175,9.663414955139,5814.670159767555
1218,63.74400000274,3.713438510895,9.333272417993,9.590035438538,5770.516236180623
1219,63.75400000811,3.703264713287,9.343446215601,9.517067909241,5726.610213599073
1220,63.76399999857,3.69321680069,9.353494128198,9.445824623108,5683.74170263432
1221,63.7744999975,3.682821750641,9.363889178247,9.372673988342,5639.725501827821
1222,63.78499999642,3.672535419464,9.374175509424,9.298790931702,5595.268588122738
1223,63.79550001025,3.662199497223,9.384511431665,9.225808143616,5551.353384022492
1224,63.80550000072,3.652182102203,9.394528826685,9.155327796936,5508.943948994316
1225,63.81550000608,3.641958713531,9.404752215357,9.085259437561,5466.782414972121
1226,63.82549999654,3.631722688675,9.414988240213,9.015348434448,5424.715565361737
1227,63.83550000191,3.62167096138,9.425039967508,8.946393966675,5383.224282207318
1228,63.84600000083,3.611365556717,9.435345372171,8.875150680542,5340.3557712425645
1229,63.85649999976,3.601084947586,9.445625981302,8.804410934448,5297.790250395965
1230,63.86699999869,3.590583086014,9.456127842874,8.732450485229,5254.49020805072
1231,63.87700000405,3.580317735672,9.466393193216,8.664274215698,5213.467182351575
1232,63.88700000942,3.569949388504,9.476761540384,8.596647262573,5172.774691326669
1233,63.89699999988,3.559733629227,9.486977299662,8.529066085815,5132.109744857848
1234,63.90749999881,3.549369096756,9.497341832132,8.460752487183,5091.004085490445
1235,63.91799999774,3.539292573929,9.507418354959,8.394010543823,5050.84412255168
1236,63.92849999666,3.529196977615,9.517513951273,8.32618522644,5010.03227178313
1237,63.93900001049,3.518777132034,9.527933796854,8.259672164917,4970.010031626
1238,63.94900000095,3.508534669876,9.538176259012,8.194562911987,4930.832491191861
1239,63.95900000632,3.498208284378,9.54850264451,8.12876701355,4891.241782415223
1240,63.96899999678,3.488072633743,9.558638295145,8.064222335815,4852.403958174018
1241,63.97950001061,3.477738618851,9.568972310037,8.000028610229,4813.777308864012
1242,63.99000000954,3.467585802078,9.57912512681,7.935270786285,4774.811230283436
1243,64.00050000846,3.457280397415,9.589430531473,7.871794223785,4736.616112353921
1244,64.01049999893,3.447171449661,9.599539479227,7.812056064606,4700.670466514419
1245,64.02050000429,3.436921358109,9.60978957078,7.751341342926,4664.1372034753995
1246,64.03050000966,3.426778078079,9.619932850809,7.689604282379,4626.988778681379
1247,64.04100000858,3.416363954544,9.630346974344,7.624800205231,4587.994868622351
1248,64.05150000751,3.406121492386,9.640589436502,7.56165933609,4550.001744104738
1249,64.06200000644,3.395816087723,9.650894841165,7.496870517731,4511.0170155644055
1250,64.0719999969,3.385782241821,9.660928687067,7.435196876526,4473.906751457594
1251,64.08200000226,3.375528335571,9.671182593317,7.373688697815,4436.896049444606
1252,64.09200000763,3.365266799927,9.681444128961,7.312653541565,4400.169974512381
1253,64.10199999809,3.355157852173,9.691553076715,7.251954078674,4363.645892992056
1254,64.11249999702,3.344751358032,9.701959570856,7.191590309143,4327.323804884235
1255,64.12300001085,3.33443069458,9.712280234308,7.130143165588,4290.349828946029
1256,64.13350000978,3.324028015137,9.722682913751,7.069169044495,4253.660480089187
1257,64.14350000024,3.313896179199,9.732814749689,7.012467384338,4219.541956476698
1258,64.1535000056,3.303783416748,9.74292751214,6.956238746643,4185.708059945573
1259,64.16400000453,3.293334960938,9.753375967951,6.897522926331,4150.377575861073
1260,64.17450000346,3.283014297485,9.763696631403,6.839219093323,4115.294992781952
1261,64.18500000238,3.272672653198,9.77403827569,6.782120704651,4080.937749682779
1262,64.19550000131,3.262285232544,9.784425696344,6.724503517151,4046.268334946758
1263,64.20550000668,3.252225875854,9.794485053034,6.668961524963,4012.847606758132
1264,64.21549999714,3.242025375366,9.804685553522,6.613877296448,3979.7023241321745
1265,64.2255000025,3.231809616089,9.814901312799,6.559693336487,3947.098751111054
1266,64.23550000787,3.221700668335,9.825010260553,6.505845069885,3914.697171501834
1267,64.24549999833,3.211698532104,9.835012396784,6.452439308167,3882.561855936588
1268,64.25599999726,3.201257705688,9.8454532232,6.396897315979,3849.141127747962
1269,64.26649999619,3.19082069397,9.855890234918,6.342255592346,3816.262109164774
1270,64.27700001001,3.180337905884,9.866373023004,6.287964820862,3783.594265512785
1271,64.28700000048,3.170289993286,9.876420935602,6.235413551331,3751.973114996289
1272,64.29700000584,3.160158157349,9.88655277154,6.18464756012,3721.4262021713726
1273,64.3069999963,3.150075912476,9.896635016413,6.134400367737,3691.191460983305
1274,64.31700000167,3.140043258667,9.906667670221,6.083970069885,3660.8465415702904
1275,64.32700000703,3.13002872467,9.916682204218,6.032777309418,3630.0428331436647
1276,64.33750000596,3.119565010071,9.927145918817,5.980317592621,3598.4767717393415
1277,64.34800000489,3.109162330627,9.937548598261,5.927979946136,3566.984162484582
1278,64.35850000381,3.098721504211,9.947989424677,5.875077724457,3535.1518370374893
1279,64.36900000274,3.088261604309,9.958449324579,5.823350429535,3504.0264885323527
1280,64.37950000167,3.077832221985,9.968878706903,5.771790981293,3473.002136733468
1281,64.3900000006,3.067406654358,9.97930427453,5.720841884613,3442.3450456836044
1282,64.40049999952,3.056904792786,9.989806136103,5.669770717621,3411.614502484177
1283,64.41099999845,3.046418190002,10.00029273889,5.61949300766,3381.361398258719
1284,64.42149999738,3.036034584045,10.01067634484,5.570313930511,3351.76936338174
1285,64.4319999963,3.025744438171,10.02096649072,5.522691249847,3323.1138434159084
1286,64.44250001013,3.015484809875,10.03122611901,5.474488735199,3294.1094257384466
1287,64.45300000906,3.005166053772,10.04154487512,5.426393032074,3265.1692786918525
1288,64.46350000799,2.994687080383,10.0520238485,5.378785610199,3236.5229402447167
1289,64.47349999845,2.984601020813,10.06210990808,5.333817958832,3209.465004538512
1290,64.48350000381,2.974526405334,10.07218452355,5.288346767426,3182.104078714154
1291,64.49400000274,2.964066505432,10.08264442346,5.240540981293,3153.3383805233757
1292,64.50450000167,2.953656196594,10.09305473229,5.193238735199,3124.8756724507507
1293,64.51450000703,2.943634986877,10.10307594201,5.147675991058,3097.459657513618
1294,64.5244999975,2.933575630188,10.1131352987,5.102464199066,3070.2548175076845
1295,64.53450000286,2.923520088196,10.12319084069,5.057557582855,3043.2336078762623
1296,64.54450000823,2.913491249084,10.1332196798,5.013276576996,3016.588840513158
1297,64.55500000715,2.903008460999,10.14370246789,4.966371059418,2988.364851927818
1298,64.56550000608,2.892533302307,10.15417762658,4.920457363129,2960.7376620600885
1299,64.57549999654,2.882478713989,10.1642322149,4.876609802246,2934.35370721301
1300,64.58550000191,2.872385025024,10.17432590386,4.83358001709,2908.461824385942
1301,64.59550000727,2.862329483032,10.18438144586,4.789131164551,2881.7160603165858
1302,64.6060000062,2.851854324341,10.19485660455,4.74324798584,2854.1072334862474
1303,64.61650000513,2.841421127319,10.20528980157,4.697166442871,2826.3790469122664
1304,64.62700000405,2.830930709839,10.21578021905,4.651390075684,2798.8344907133983
1305,64.63700000942,2.820848464966,10.22586246392,4.607643127441,2772.511076505237
1306,64.64699999988,2.810739517212,10.23597141168,4.566413879395,2747.7026128890448
1307,64.65700000525,2.800718307495,10.24599262139,4.523216247559,2721.709733355724
1308,64.66750000417,2.790277481079,10.25643344781,4.477073669434,2693.9448207069618
1309,64.6780000031,2.779870986938,10.26683994195,4.431617736816,2666.593076400698
1310,64.68850000203,2.769414901733,10.27729602715,4.386268615723,2639.305602726505
1311,64.69850000739,2.759355545044,10.28735538384,4.343116760254,2613.340267749272
1312,64.70849999785,2.749265670776,10.29744525811,4.302192687988,2588.7154345069885
1313,64.71899999678,2.738790512085,10.3079204168,4.259742736816,2563.1724493915503
1314,64.72950001061,2.72841835022,10.31829257867,4.217430114746,2537.712097944973
1315,64.74000000954,2.718019485474,10.32869144341,4.174736022949,2512.022208529806
1316,64.75050000846,2.707582473755,10.33912845513,4.13159942627,2486.066055071869
1317,64.76100000739,2.697099685669,10.34961124322,4.087760925293,2459.6875517515346
1318,64.77150000632,2.686609268188,10.3601016607,4.045425415039,2434.213428026613
1319,64.78200000525,2.67621421814,10.37049671075,4.003524780273,2409.0009775854146
1320,64.79250000417,2.665920257568,10.38079067132,3.961960077286,2383.990664018203
1321,64.8030000031,2.655576705933,10.39113422296,3.921600580215,2359.705546968855
1322,64.81350000203,2.645185470581,10.40152545831,3.880974054337,2335.2597533426374
1323,64.82400000095,2.634751558304,10.41195937058,3.838962316513,2309.9804499680804
1324,64.83400000632,2.624718904495,10.42199202439,3.798404455185,2285.5759731756916
1325,64.84399999678,2.614609956741,10.43210097215,3.759326696396,2262.062103700372
1326,64.85400000215,2.604462862015,10.44224806687,3.720485448837,2238.690547765132
1327,64.86400000751,2.594350099564,10.45236082932,3.681979894638,2215.520985242396
1328,64.87399999797,2.584340333939,10.46237059495,3.644870519638,2193.1915316836025
1329,64.8844999969,2.573941469193,10.4727694597,3.606273412704,2169.966880048092
1330,64.89500001073,2.563531160355,10.48317976853,3.567126989365,2146.4116937389435
1331,64.90500000119,2.553487062454,10.49322386643,3.527774572372,2122.7325569259024
1332,64.91500000656,2.543271303177,10.50343962571,3.490062475204,2100.0404333771344
1333,64.92499999702,2.533002138138,10.51370879075,3.452106237411,2077.2014055286377
1334,64.93500000238,2.522809267044,10.52390166184,3.414973974228,2054.858179692102
1335,64.94500000775,2.512795686722,10.53391524217,3.378246068954,2032.758264101297
1336,64.95550000668,2.502503633499,10.54420729539,3.341319799423,2010.538988767451
1337,64.9660000056,2.492287874222,10.55442305467,3.303760290146,1987.9386804062394
1338,64.97650000453,2.481892824173,10.56481810472,3.266216039658,1965.3475535637233
1339,64.98650000989,2.471783876419,10.57492705247,3.229556798935,1943.2889548073485
1340,64.99650000036,2.461545228958,10.58516569993,3.193736791611,1921.7353395816303
1341,65.00650000572,2.451382875443,10.59532805345,3.15874838829,1900.682117126318
1342,65.01700000465,2.440915346146,10.60579558274,3.121043920517,1877.994584337199
1343,65.02750000358,2.430634737015,10.61607619187,3.084354162216,1855.917622543433
1344,65.0380000025,2.420432329178,10.62627859971,3.047885656357,1833.9737927716537
1345,65.04850000143,2.410056352615,10.63665457627,3.010745763779,1811.6259761754698
1346,65.05850000679,2.399916887283,10.6467940416,2.976421117783,1790.9721497855157
1347,65.06849999726,2.389678239822,10.65703268907,2.943065404892,1770.901349834829
1348,65.07850000262,2.379511594772,10.66719933412,2.908232927322,1749.9419510242312
1349,65.08850000799,2.369501829147,10.67720909974,2.875083208084,1729.9951015768354
1350,65.09900000691,2.359280347824,10.68743058106,2.840277910233,1709.0520573470722
1351,65.10950000584,2.349270582199,10.69744034669,2.804114580154,1687.291857949202
1352,65.12000000477,2.339167356491,10.7075435724,2.768721818924,1665.9953252481596
1353,65.1305000037,2.328781843185,10.7179290857,2.734122514725,1645.1762315210858
1354,65.14050000906,2.318718671799,10.72799225709,2.701186418533,1625.3579233354262
1355,65.15049999952,2.308594465256,10.73811646363,2.668669939041,1605.7921069153958
1356,65.16050000489,2.298435926437,10.74827500245,2.635749101639,1585.9829802490335
1357,65.17050001025,2.288258314133,10.75845261476,2.602591753006,1566.031540041989
1358,65.18050000072,2.278137922287,10.7685730066,2.569571733475,1546.1627335038054
1359,65.19050000608,2.268051862717,10.77865906617,2.536704301834,1526.385742152576
1360,65.20049999654,2.257958173752,10.78875275514,2.504744768143,1507.155051166434
1361,65.21050000191,2.247822523117,10.79888840577,2.4731361866,1488.135535110889
1362,65.22050000727,2.237675428391,10.8090355005,2.442580461502,1469.7495438477365
1363,65.23049999774,2.227543592453,10.81916733644,2.41210103035,1451.4094601786633
1364,65.2405000031,2.217407941818,10.82930298707,2.3813393116,1432.8995184128214
1365,65.25050000846,2.207260847092,10.8394500818,2.350478410721,1414.3298967751584
1366,65.26049999893,2.19716334343,10.84954758546,2.320121049881,1396.0632652556487
1367,65.27050000429,2.187130689621,10.85958023927,2.288550615311,1377.0667029971428
1368,65.28050000966,2.177078962326,10.86963196656,2.25804066658,1358.7082562900769
1369,65.29050000012,2.167046308517,10.87966462037,2.228453874588,1340.9052914667932
1370,65.30099999905,2.156632184982,10.89007874391,2.196738481522,1321.82150478038
1371,65.31149999797,2.146366834641,10.90034409425,2.164809465408,1302.609176831027
1372,65.3219999969,2.136131286621,10.91057964227,2.131581783295,1282.615415561575
1373,65.33250001073,2.12574005127,10.92097087762,2.099362850189,1263.2286387564063
1374,65.34250000119,2.11568069458,10.93103023431,2.069173336029,1245.0630039431483
1375,65.35250000656,2.105567932129,10.94114299676,2.039418697357,1227.1590424136132
1376,65.36249999702,2.095539093018,10.95117183587,2.010388851166,1209.6912030242179
1377,65.37300001085,2.085262298584,10.9614486303,1.980611205101,1191.7733974858977
1378,65.38350000978,2.075216293335,10.97149463555,1.948552489281,1172.4830266279341
1379,65.3940000087,2.065059661865,10.98165126702,1.915433287621,1152.5545402179293
1380,65.40399999917,2.055015563965,10.99169536492,1.885938048363,1134.8066645068184
1381,65.41400000453,2.044681549072,11.00202937982,1.856870055199,1117.3158713203836
1382,65.42400000989,2.034336090088,11.0123748388,1.826947569847,1099.3109130845965
1383,65.43400000036,2.024181365967,11.02252956292,1.79874932766,1082.343466466209
1384,65.44449999928,2.013889312744,11.03282161614,1.767751097679,1063.6912111596855
1385,65.45499999821,2.003795623779,11.04291530511,1.73656976223,1044.9287776288163
1386,65.46549999714,1.993604779243,11.05310614964,1.70629632473,1026.7126444624323
1387,65.4755000025,1.983583569527,11.06312735936,1.678304076195,1009.8691483467344
1388,65.48550000787,1.973291516304,11.07341941258,1.649800658226,992.7180713532346
1389,65.49549999833,1.962911725044,11.08379920384,1.621808409691,975.8745752375365
1390,65.5055000037,1.952627301216,11.09408362767,1.592450499535,958.2093331952864
1391,65.51550000906,1.942472577095,11.10423835179,1.563557982445,940.8241274741501
1392,65.52549999952,1.932401776314,11.11430915257,1.535962462425,924.2193508451354
1393,65.53599999845,1.921922802925,11.12478812596,1.50724542141,906.9397325898993
1394,65.54649999738,1.911501049995,11.13520987889,1.478520750999,889.6555235744129
1395,65.5569999963,1.901083111763,11.14562781713,1.449963927269,872.4723112657799
1396,65.56700000167,1.891061902046,11.15564902684,1.422940611839,856.211841589349
1397,65.57700000703,1.880982398987,11.1657285299,1.395193815231,839.5160388100346
1398,65.5869999975,1.870873451233,11.17583747766,1.367354154587,822.7643578818929
1399,65.59700000286,1.860733985901,11.18597694299,1.340895414352,806.843604398397
1400,65.60700000823,1.85062122345,11.19608970544,1.316572904587,792.2082635382811
1401,65.61750000715,1.840138435364,11.20657249352,1.289572477341,775.9615661401942
1402,65.62800000608,1.829689979553,11.21702094933,1.263380765915,760.2014892347713
1403,65.63799999654,1.819664955139,11.22704597375,1.23806643486,744.9693496564425
1404,65.64800000191,1.809548377991,11.2371625509,1.213003873825,729.8887051374915
1405,65.65800000727,1.799473762512,11.24723716638,1.185972929001,713.6236447020136
1406,65.6685000062,1.788979530334,11.25773139855,1.159895658493,697.9324291871075
1407,65.67900000513,1.778695106506,11.26801582238,1.134169340134,682.4523886034
1408,65.68950000405,1.768570899963,11.27814002892,1.108961820602,667.2845196559394
1409,65.70000000298,1.758463859558,11.28824706933,1.083327054977,651.8595681844047
1410,65.71050000191,1.748116493225,11.29859443566,1.059073209763,637.2655441587192
1411,65.72050000727,1.738053321838,11.30865760705,1.035574674606,623.126005309361
1412,65.73049999774,1.727871894836,11.31883903405,1.012045621872,608.9681034232136
1413,65.7405000031,1.717667579651,11.32904334924,0.9883410930634,594.7046140714067
1414,65.75050000846,1.707520484924,11.33919044396,0.9649035930634,580.6018012974321
1415,65.76049999893,1.697381019592,11.3493299093,0.9413974285126,566.4576716891473
1416,65.77050000429,1.687191963196,11.35951896569,0.9170825481415,551.8269215880182
1417,65.78050000966,1.676884651184,11.3698262777,0.8937366008759,537.779197926457
1418,65.79050000012,1.666558265686,11.3801526632,0.8716723918915,524.5027218384423
1419,65.80050000548,1.656388282776,11.39032264611,0.849348783493,511.0701599319432
1420,65.81100000441,1.645974159241,11.40073676965,0.8254916667938,496.71485539282077
1421,65.82150000334,1.635676860809,11.41103406808,0.8009005188942,481.9178695912131
1422,65.83200000226,1.625289440155,11.42142148873,0.7771883606911,467.6497894800584
1423,65.84200000763,1.615161418915,11.43154950997,0.7552767395973,454.4651285793594
1424,65.85199999809,1.604922771454,11.44178815743,0.7337389588356,441.5054148876615
1425,65.86200000346,1.594699382782,11.45201154611,0.711873114109,428.3482985431691
1426,65.87200000882,1.58464384079,11.4620670881,0.6911287903786,415.86602382562023
1427,65.88250000775,1.574271678925,11.47243924996,0.668286383152,402.1212902822122
1428,65.89300000668,1.563914775848,11.48279615304,0.6444216370583,387.7613949837421
1429,65.90299999714,1.553813457489,11.4928974714,0.6235476136208,375.2010773569209
1430,65.9130000025,1.543540477753,11.50317045114,0.6044817566872,363.7287696999631
1431,65.92300000787,1.533324718475,11.51338621041,0.5845270752907,351.72163857679925
1432,65.93299999833,1.523318767548,11.52339216134,0.5633288025856,338.96621367688743
1433,65.94349999726,1.513059139252,11.53365178964,0.5426264405251,326.5091881358413
1434,65.95399999619,1.502885341644,11.54382558724,0.5214357972145,313.7583539952772
1435,65.96450001001,1.492509365082,11.55420156381,0.5009508728981,301.4321650961528
1436,65.97450000048,1.482408046722,11.56430288217,0.4828996956348,290.5704105022691
1437,65.98450000584,1.472245693207,11.57446523568,0.4665689766407,280.74389007823993
1438,65.9944999963,1.462228298187,11.5844826307,0.4487619698048,270.02905771678564
1439,66.00500001013,1.451964855194,11.59474607369,0.4287805855274,258.00585893581444
1440,66.01550000906,1.441840648651,11.60487028024,0.4083376228809,245.70491921319268
1441,66.02600000799,1.431491374969,11.61521955392,0.388405829668,233.71156036813213
1442,66.03599999845,1.421256542206,11.62545438668,0.370942145586,223.20331217816786
1443,66.04600000381,1.410819530487,11.6358913984,0.3540163338184,213.01871252351182
1444,66.05600000918,1.400466442108,11.64624448678,0.3379602730274,203.35745943666262
1445,66.06599999964,1.390429973602,11.65628095529,0.3199701607227,192.5324488503816
1446,66.07649999857,1.380141615868,11.66656931302,0.3014630079269,181.39632465375186
1447,66.0869999975,1.369946837425,11.67676409146,0.2824543714523,169.9584476920525
1448,66.09749999642,1.359544157982,11.68716677091,0.2653416395187,159.66137443292592
1449,66.10750000179,1.349442839622,11.69726808927,0.2504299879074,150.6887352510635
1450,66.11750000715,1.339356780052,11.70735414884,0.2377308607101,143.0474162854566
1451,66.12800000608,1.329015135765,11.71769579312,0.2261799573898,136.0970066045404
1452,66.13850000501,1.318858504295,11.72785242459,0.231085896492,139.04900833846457
1453,66.14900000393,1.308547377586,11.7381635513,0.2465316057205,148.34300067599153
1454,66.1590000093,1.298480391502,11.74823053739,0.2682639360428,161.41977873156785
1455,66.16899999976,1.288283705711,11.75842722318,0.2919608354568,175.67867732396684
1456,66.17900000513,1.27812898159,11.7685819473,0.3126059770584,188.10127216981473
1457,66.18900001049,1.268077254295,11.77863367459,0.3186911344528,191.76283314830607
1458,66.19950000942,1.257693648338,11.78901728055,0.3156206011772,189.91523182981877
1459,66.21000000834,1.247352004051,11.79935892484,0.3071348071098,184.80915972438743
1460,66.22050000727,1.236892104149,11.80981882474,0.2979776263237,179.2991007947317
1461,66.23049999774,1.226848006248,11.81986292264,0.2897035479546,174.3204222617563
1462,66.2405000031,1.216834425926,11.82987650296,0.2812215685844,169.21664553596872
1463,66.25100000203,1.206443190575,11.84026773831,0.2728807330132,164.19779785856534
1464,66.26150000095,1.19601380825,11.85069712064,0.2643339037895,159.0549996781717
1465,66.27150000632,1.185984969139,11.86072595975,0.2566720843315,154.44472958434045
1466,66.28149999678,1.175853133202,11.87085779569,0.2480546832085,149.25946687987505
1467,66.29150000215,1.165698409081,11.88101251981,0.2399751543999,144.3978527107179
1468,66.30150000751,1.155627608299,11.89108332059,0.232645213604,139.987280649325
1469,66.31200000644,1.145291686058,11.90141924283,0.2246705889702,135.1887894214548
1470,66.32250000536,1.135110378265,11.91160055062,0.2155328094959,129.69040464936214
1471,66.33300000429,1.124909877777,11.92180105111,0.2079091370106,125.10308835238985
1472,66.34350000322,1.114472866058,11.93223806283,0.2002911865711,120.51921512488325
1473,66.35350000858,1.104394435883,11.94231649301,0.1935792267323,116.48049457222046
1474,66.36349999905,1.094262599945,11.95244832894,0.1859937012196,111.91613207204698
1475,66.37350000441,1.084096431732,11.96261449716,0.1792226135731,107.84183313424379
1476,66.38350000978,1.073953151703,11.97275777719,0.173140078783,104.18185022924251
1477,66.3940000087,1.063470363617,11.98324056527,0.1651263535023,99.35983135966258
1478,66.40450000763,1.053037166595,11.99367376229,0.1573367416859,94.67266604644104
1479,66.41500000656,1.042600154877,12.00411077401,0.150814563036,90.74814063298165
1480,66.42550000548,1.032163143158,12.01454778573,0.1432442963123,86.19295965150361
1481,66.43600000441,1.021691799164,12.02501912972,0.1365781128407,82.18178365504754
1482,66.44600000978,1.011685848236,12.03502508065,0.1323943436146,79.66432598741211
1483,66.45600000024,1.001653194427,12.04505773446,0.1260743439198,75.86145569717887
1484,66.4660000056,0.9916015267372,12.05510940215,0.1206727400422,72.61120254880689
1485,66.47600001097,0.9815803170204,12.06513061187,0.116081751883,69.84871309998633
1486,66.48650000989,0.9711890816689,12.07552184722,0.108778513968,65.4542086964007
1487,66.49700000882,0.9608436226845,12.0858673062,0.1013894453645,61.00805824992752
1488,66.50750000775,0.9504447579384,12.09626617095,0.09552911669016,57.48178121149885
1489,66.51749999821,0.9404426217079,12.10626830718,0.08985570818186,54.067977777564785
1490,66.52750000358,0.9303146004677,12.11639632842,0.08620885759592,51.87359480036279
1491,66.53750000894,0.9201675057411,12.12654342315,0.08303169161081,49.96183044666265
1492,66.5474999994,0.9101462960243,12.13656463286,0.07848647981882,47.22688555405478
1493,66.55799999833,0.899816095829,12.14689483306,0.07233432680368,43.52501196986863
1494,66.56849999726,0.8895431160927,12.1571678128,0.06715110689402,40.406164825238314
1495,66.57899999619,0.8792364597321,12.16747446916,0.06170159205794,37.12708269436969
1496,66.58950001001,0.8687384128571,12.17797251603,0.0558221898973,33.589328757541615
1497,66.59950000048,0.8585112094879,12.1881997194,0.05250101909041,31.590913820796658
1498,66.60950000584,0.8482229709625,12.19848795793,0.0501258932054,30.161753045504202
1499,66.6194999963,0.8380987644196,12.20861216447,0.04560261592269,27.440006586076702
1500,66.63000001013,0.8276197910309,12.21909113786,0.03950959071517,23.77371138698283
1501,66.64050000906,0.8172361850739,12.22947474381,0.03495007380843,21.030158820560377
1502,66.65100000799,0.8069288730621,12.23978205583,0.03095990233123,18.629192792656138
1503,66.66150000691,0.7965528964996,12.25015803239,0.02756696753204,16.587596025625533
1504,66.67149999738,0.7865431308746,12.26016779801,0.02596011571586,15.620721132010269
1505,66.6819999963,0.776064157486,12.2706467714,0.02460667304695,14.806327593452561
1506,66.69250001013,0.7656996250153,12.28101130387,0.02170043624938,13.057586753646037
1507,66.70300000906,0.7554094791412,12.29130144975,0.01645618118346,9.902013534077488
1508,66.71350000799,0.7450411319733,12.30166979691,0.01280074659735,7.702465392192863
1509,66.72400000691,0.7345621585846,12.3121487703,0.01089166942984,6.553735456642426
1510,66.73399999738,0.7245371341705,12.32217379472,0.009336465038359,5.617937852020784
1511,66.74400000274,0.7145159244537,12.33219500443,0.007763409521431,4.6713988679865
1512,66.75400000811,0.7045023441315,12.34220858476,0.005927817430347,3.5668863734821254
1513,66.76450000703,0.6940233707428,12.35268755815,0.002748267026618,1.6536872673826852
1514,66.77500000596,0.6835405826569,12.36317034623,-0.0004947024281137,-0.29767235082744187
1515,66.78499999642,0.6734926700592,12.37321825883,-0.001984311966226,-1.194000219513293
1516,66.79500000179,0.6634066104889,12.3833043184,-0.003800584701821,-2.2868878712069916
1517,66.80500000715,0.6533358097076,12.39337511918,-0.004951192531735,-2.9792316280729723
1518,66.81550000608,0.6428415775299,12.40386935136,-0.00637353817001,-3.835085462162436
1519,66.82549999654,0.632836997509,12.41387393138,-0.009038131684065,-5.4384247025876045
1520,66.83550000191,0.622754752636,12.42395617625,-0.01165501400828,-7.013055165304524
1521,66.84550000727,0.6126267313957,12.43408419749,-0.01161293312907,-6.987734258174375
1522,66.85549999774,0.6025978922844,12.4441130366,-0.01195272430778,-7.192193410199774
1523,66.86599999666,0.5922219157219,12.45448901317,-0.01352950558066,-8.140974256149047
1524,66.87650001049,0.581926047802,12.46478488109,-0.01578732952476,-9.499552106185924
1525,66.88700000942,0.5716015696526,12.47510935924,-0.01826068386436,-10.987818908322524
1526,66.89699999988,0.5615803599358,12.48513056895,-0.02067443355918,-12.440220402905348
1527,66.90700000525,0.5514180064201,12.49529292247,-0.02244552597404,-13.505922151478241
1528,66.91700001061,0.5412136912346,12.50549723765,-0.02352925762534,-14.158025173366852
1529,66.92700000107,0.5311047434807,12.51560618541,-0.02449908480048,-14.741589592528971
1530,66.9375,0.5206219553947,12.52608897349,-0.02512740716338,-15.119663732077989
1531,66.94799999893,0.510242164135,12.53646876475,-0.02712201699615,-16.319860383968514
1532,66.95849999785,0.4998432993889,12.5468676295,-0.02792811021209,-16.804902803286826
1533,66.96899999678,0.489375770092,12.5573351588,-0.02853566035628,-17.17047788315084
1534,66.97900000215,0.4793469309807,12.56736399791,-0.02800023183227,-16.848299825424608
1535,66.98950000107,0.4688488841057,12.57786204478,-0.02800434082747,-16.850772290064384
1536,66.99950000644,0.4588353037834,12.5878756251,-0.02596033364534,-15.620852264539524
1537,67.0094999969,0.4487873911858,12.5979235377,-0.02364624291658,-14.228417564179296
1538,67.01950000226,0.4387051463127,12.60800578258,-0.0174101665616,-10.476045626963582
1539,67.02950000763,0.4286648631096,12.61804606578,-0.01123321801424,-6.759252074840155
1540,67.04000000656,0.4181744456291,12.62853648326,-0.005711443722248,-3.436689983315476
1541,67.05050000548,0.4077870249748,12.63892390391,-0.001398928579874,-0.8417633214346785
1542,67.06100000441,0.3974606394768,12.64925028941,0.002314679091796,1.3927887301731283
1543,67.07150000334,0.3871228098869,12.659588119,0.002063654130325,1.2417419874224205
1544,67.08200000226,0.3767305016518,12.66998042724,0.002682439051569,1.6140772574666993
1545,67.09250000119,0.3662438988686,12.68046703002,0.005097500048578,3.0672677888180164
1546,67.10300000012,0.3558221459389,12.69088878295,0.004650912247598,2.798546971991905
1547,67.11349999905,0.3454385399818,12.70127238891,0.004134795628488,2.487989273907846
1548,67.12399999797,0.3350320458412,12.71167888305,0.002946726046503,1.773104031147791
1549,67.1344999969,0.3245492577553,12.72216167113,0.002961358986795,1.7819089641513466
1550,67.14500001073,0.3140664696693,12.73264445922,0.003381214104593,2.034544190540691
1551,67.15500000119,0.3040528893471,12.74265803954,0.004734507761896,2.8488480658324944
1552,67.16550000012,0.2936044335365,12.75310649535,0.004680952988565,2.816623086997732
1553,67.17599999905,0.2832360863686,12.76347484252,0.003953224979341,2.3787345807806277
1554,67.18649999797,0.2728486657143,12.77386226317,0.001930787344463,1.16179338348038
1555,67.19650000334,0.2627511620522,12.78395976684,0.001355155487545,0.8154241758067833
1556,67.2065000087,0.2525659203529,12.79414500854,0.001231898670085,0.741258082163931
1557,67.21649999917,0.2424531579018,12.80425777099,0.002625440247357,1.5797799363299623
1558,67.22650000453,0.2324357628822,12.81427516601,0.002773945219815,1.6691383500933514
1559,67.23700000346,0.2219415307045,12.82476939818,0.00272246170789,1.6381596906960196
1560,67.24750000238,0.2114778161049,12.83523311278,0.002044518478215,1.2302276826111034
1561,67.25750000775,0.2013955712318,12.84531535766,0.002185595221817,1.3151163824204273
1562,67.26749999821,0.1911912560463,12.85551967284,0.001865771715529,1.1226721784782079
1563,67.27750000358,0.180975496769,12.86573543212,0.004454103298485,2.6801230888310155
1564,67.28750000894,0.1708932518959,12.87581767699,0.00524587649852,3.156548868011576
1565,67.29800000787,0.1604066491127,12.88630427978,0.005697120912373,3.4280716619900633
1566,67.30850000679,0.1500154137611,12.89669551513,0.004491408355534,2.7025702881946208
1567,67.31900000572,0.1396356225014,12.90707530639,0.004265834577382,2.566838031768135
1568,67.32950000465,0.1292471289635,12.91746379992,0.003270146204159,1.967712412193207
1569,67.34000000358,0.1188101172447,12.92790081164,0.002256792737171,1.3579573521915058
1570,67.3505000025,0.1083349585533,12.93837597033,0.002253514481708,1.355984760275988
1571,67.36100000143,0.09785598516464,12.94885494372,0.002367296023294,1.4244493908091749
1572,67.37150000036,0.08736175298691,12.9593491759,0.002131846500561,1.2827747012379667
1573,67.38150000572,0.07735580205917,12.96935512683,0.002995961112902,1.8027297558769348
1574,67.39200000465,0.0668997168541,12.97981121203,0.00347011606209,2.088038277445013
1575,67.40250000358,0.0565122961998,12.99019863269,0.00369104440324,2.220975281464352
1576,67.4130000025,0.04612869024277,13.00058223865,0.005040732212365,3.033109445748338
1577,67.42350000143,0.03592818975449,13.01078273913,0.007094469852746,4.268884482725735
1578,67.43450000882,0.02591651678085,13.02079441211,0.01084765512496,6.527251168595523
1579,67.44750000536,0.01587814092636,13.03083278796,0.01409968454391,8.484062348580993
1580,67.46700000763,0.005759656429291,13.04095127246,0.01272496301681,7.656864895224456
1581,67.47900000215,0.002301156288013,13.0444097726,0.008942690677941,5.380995939267005
1582,67.48000000417,0.002091824775562,13.04461910411,0.008622256107628,5.18818404587252
1583,67.48800000548,0.0006908772047609,13.04602005168,0.006688204593956,4.024426546457544
1584,67.49099999666,0.0002931950439233,13.04641773384,0.006260958500206,3.767344021931964
1585,67.70800000429,-0.002344442298636,13.04905537119,0.003306306665763,1.9894708855722667
1586,67.70900000632,-0.002339338650927,13.04905026754,0.00343457586132,2.0666530274222388
